2018-08-31 15:55:56.173569, make -k -j 20 z1-reset-sequence
2018-08-31 15:55:56.252632, make[1]: Entering directory `/home/user/contiki-master/examples/ipv6/multicast/simulations-bmrf-simple-contikiMAC-real'
2018-08-31 15:55:56.252734, ../../../../tools/zolertia/z1-bsl-nopic --z1 -c /dev/ttyUSB0 -r
2018-08-31 15:55:57.121204, Done
2018-08-31 15:55:57.121478, make[1]: Leaving directory `/home/user/contiki-master/examples/ipv6/multicast/simulations-bmrf-simple-contikiMAC-real'
2018-08-31 15:55:57.132626, ../../../../tools/sky/serialdump-linux -b115200 /dev/ttyUSB0
2018-08-31 15:55:57.776721, Rime started with address 100.0
2018-08-31 15:55:57.785583, MAC 64:00:00:00:00:00:00:00 Contiki 2.6 started. Node id is set to 100.
2018-08-31 15:55:57.797331, CSMA nullrdc, channel check rate 128 Hz, radio channel 16
2018-08-31 15:55:57.797395, Starting 'receiving messages from white motes'
2018-08-31 15:56:15.528298, 107,1,20,1,646630,7680,26372,26413,16871,16921
2018-08-31 15:56:16.313594, 109,2,20,2,625079,7680,28420,28459,42568,42618
2018-08-31 15:56:20.921966, 102,3,8,1,12179319,7680,26372,26413,62476,62526
2018-08-31 15:56:23.540609, 108,4,36,1,425418,7680,26372,26413,17184,17233
2018-08-31 15:56:27.538497, 112,5,20,2,1889777,7680,28420,28459,17068,17118
2018-08-31 15:56:29.741143, 103,6,20,2,364035,7680,28420,28459,23607,23657
2018-08-31 15:57:15.557574, 107,7,20,2,438670,7680,26372,26411,16756,16806
2018-08-31 15:57:16.341448, 109,8,20,3,417569,7680,28420,28459,42456,42507
2018-08-31 15:57:20.952266, 102,9,8,2,12184659,7680,26372,26411,62370,62420
2018-08-31 15:57:23.570549, 108,10,36,2,271667,7680,26372,26411,17068,17118
2018-08-31 15:57:27.570140, 112,11,20,3,185753,7680,28420,28459,16958,17008
2018-08-31 15:57:29.771755, 103,12,20,3,196642,7680,28420,28459,23492,23542
2018-08-31 15:58:15.588664, 107,13,20,3,586855,7680,26372,26411,16643,16693
2018-08-31 15:58:16.373385, 109,14,20,4,445345,7680,28420,28459,42344,42394
2018-08-31 15:58:20.982063, 102,15,8,3,12179280,7680,26372,26411,62266,62316
2018-08-31 15:58:21.067706, 102,16,0,4,17840,11,29188,29227,65082,65132
2018-08-31 15:58:21.094375, 109,17,16,5,30625,604,51972,52011,351,401
2018-08-31 15:58:21.119808, 107,18,16,4,38516,708,11012,11051,1272,1322
2018-08-31 15:58:21.148462, 103,19,16,4,153707,6573,7172,7211,2146,2196
2018-08-31 15:58:21.197952, 112,20,16,4,168997,6861,15364,15403,3803,3854
2018-08-31 15:58:21.381543, 108,21,32,3,256518,7396,19204,19243,9789,9840
2018-08-31 15:58:24.077989, 102,22,1,5,609987,385,62212,62251,32565,32614
2018-08-31 15:58:24.093819, 109,23,17,6,38921,384,19204,19243,33113,33163
2018-08-31 15:58:24.122940, 107,24,17,5,21705,384,43780,43819,34035,34085
2018-08-31 15:58:24.142143, 103,25,17,5,10384,383,39684,39723,34652,34702
2018-08-31 15:58:24.191823, 112,26,17,5,8144,383,47876,47915,36309,36360
2018-08-31 15:58:24.384194, 108,27,33,4,14405,384,51972,52011,42552,42602
2018-08-31 15:58:27.087124, 102,28,2,6,728805,385,29700,29739,47,97
2018-08-31 15:58:27.125061, 107,29,18,6,141917,384,11012,11051,1261,1311
2018-08-31 15:58:27.150535, 103,30,18,6,133467,385,7172,7211,2134,2184
2018-08-31 15:58:27.204202, 112,31,18,6,134811,385,15364,15403,3792,3843
2018-08-31 15:58:27.221079, 109,32,18,7,164711,400,56068,56107,4435,4485
2018-08-31 15:58:27.385713, 108,33,34,5,132800,384,19204,19243,9778,9828
2018-08-31 15:58:30.097238, 102,34,3,7,737456,385,62724,62763,33066,33116
2018-08-31 15:58:30.126206, 107,35,19,7,152882,384,43780,43819,34023,34073
2018-08-31 15:58:30.194920, 112,36,19,7,144888,383,47876,47915,36298,36348
2018-08-31 15:58:30.224253, 109,37,19,8,169789,384,23300,23339,37198,37248
2018-08-31 15:58:30.510599, 108,38,35,6,150218,400,56068,56107,46636,46686
2018-08-31 15:58:33.105646, 102,39,4,8,755643,385,30212,30251,549,599
2018-08-31 15:58:33.127639, 107,40,20,8,267697,384,11012,11051,1250,1300
2018-08-31 15:58:33.147492, 103,41,20,7,285039,767,6916,6955,1867,1917
2018-08-31 15:58:33.195904, 112,42,20,8,265894,384,15108,15147,3525,3575
2018-08-31 15:58:33.224558, 109,43,20,9,285497,384,56068,56107,4424,4474
2018-08-31 15:58:33.512348, 108,44,36,7,257592,384,23300,23339,13862,13912
2018-08-31 15:58:36.115233, 102,45,5,9,608345,385,63236,63275,33568,33617
2018-08-31 15:58:36.147880, 103,46,21,8,10875,384,39684,39723,34629,34679
2018-08-31 15:58:36.205469, 112,47,21,9,10591,385,48132,48171,36543,36593
2018-08-31 15:58:36.226107, 109,48,21,10,39628,384,23300,23339,37187,37236
2018-08-31 15:58:36.253838, 107,49,21,9,23014,400,47876,47915,38108,38159
2018-08-31 15:58:36.388435, 108,50,37,8,14520,368,51972,52011,42529,42579
2018-08-31 15:58:39.125144, 102,51,6,10,729929,385,30724,30763,1050,1100
2018-08-31 15:58:39.147081, 103,52,22,9,132346,384,6916,6955,1855,1905
2018-08-31 15:58:39.199781, 112,53,22,10,133363,383,15108,15147,3514,3564
2018-08-31 15:58:39.227265, 109,54,22,11,159179,384,56068,56107,4413,4463
2018-08-31 15:58:39.254396, 107,55,22,10,142032,384,15108,15147,5334,5385
2018-08-31 15:58:39.390645, 108,56,38,9,133093,384,19204,19243,9755,9805
2018-08-31 15:58:42.134072, 102,57,7,11,738810,385,63748,63787,34069,34119
2018-08-31 15:58:42.152181, 103,58,23,10,143054,384,39691,39730,34625,34675
2018-08-31 15:58:42.201720, 112,59,23,11,146077,384,47876,47915,36276,36326
2018-08-31 15:58:42.229191, 109,60,23,12,169863,384,23300,23339,37175,37225
2018-08-31 15:58:42.257295, 107,61,23,11,152935,384,47876,47915,38096,38147
2018-08-31 15:58:42.392485, 108,62,39,10,144103,384,51972,52011,42517,42567
2018-08-31 15:58:45.142542, 102,63,8,12,755830,385,31236,31275,1552,1602
2018-08-31 15:58:45.152552, 103,64,24,11,259575,384,6916,6955,1844,1894
2018-08-31 15:58:45.213312, 112,65,24,12,268448,385,15364,15403,3759,3809
2018-08-31 15:58:45.230935, 109,66,24,13,286730,384,56068,56107,4402,4451
2018-08-31 15:58:45.258731, 107,67,24,12,269182,384,15108,15147,5323,5373
2018-08-31 15:58:45.393067, 108,68,40,11,275294,384,19204,19243,9743,9794
2018-08-31 15:58:48.154040, 102,69,9,13,610743,385,64260,64299,34571,34621
2018-08-31 15:58:48.204894, 112,70,25,13,11355,383,47876,47915,36265,36315
2018-08-31 15:58:48.233424, 109,71,25,14,61446,384,23300,23339,37164,37214
2018-08-31 15:58:48.260219, 107,72,25,13,22187,384,47876,47915,38085,38135
2018-08-31 15:58:48.287137, 103,73,25,12,19279,401,44036,44075,38958,39008
2018-08-31 15:58:48.520373, 108,74,41,12,17502,400,56068,56107,46602,46652
2018-08-31 15:58:51.161407, 102,75,10,14,730206,385,31748,31787,2053,2103
2018-08-31 15:58:51.205237, 112,76,26,14,134602,384,15113,15152,3496,3546
2018-08-31 15:58:51.234770, 109,77,26,15,159202,384,56068,56107,4390,4440
2018-08-31 15:58:51.261529, 107,78,26,14,141949,384,15108,15147,5311,5361
2018-08-31 15:58:51.287911, 103,79,26,13,133221,384,11268,11307,6184,6234
2018-08-31 15:58:51.520927, 108,80,42,13,133004,384,23300,23339,13828,13878
2018-08-31 15:58:54.170137, 102,81,11,15,737688,385,64772,64811,35072,35122
2018-08-31 15:58:54.218684, 112,82,27,15,147324,385,48132,48171,36510,36560
2018-08-31 15:58:54.235813, 109,83,27,16,169646,384,23300,23339,37153,37202
2018-08-31 15:58:54.263133, 107,84,27,15,152912,384,47876,47915,38074,38124
2018-08-31 15:58:54.281036, 103,85,27,14,142564,383,43780,43819,38690,38740
2018-08-31 15:58:54.398306, 108,86,43,14,138648,368,51972,52011,42494,42544
2018-08-31 15:58:57.182085, 102,87,12,16,755949,385,32260,32299,2555,2605
2018-08-31 15:58:57.207128, 112,88,28,16,266929,383,15108,15147,3481,3530
2018-08-31 15:58:57.235603, 109,89,28,17,286088,384,56068,56107,4379,4429
2018-08-31 15:58:57.264816, 107,90,28,16,269596,384,15108,15147,5300,5350
2018-08-31 15:58:57.292754, 103,91,28,15,263878,385,11268,11307,6173,6223
2018-08-31 15:58:57.400018, 108,92,44,15,257761,384,19204,19243,9721,9771
2018-08-31 15:59:00.190480, 102,93,13,17,610245,385,65284,65323,35574,35624
2018-08-31 15:59:00.209790, 112,94,29,17,10541,384,47877,47922,36249,36299
2018-08-31 15:59:00.238375, 109,95,29,18,39792,384,23300,23339,37141,37191
2018-08-31 15:59:00.266448, 107,96,29,17,22430,384,47876,47915,38062,38112
2018-08-31 15:59:00.293045, 103,97,29,16,11877,384,44036,44075,38935,38985
2018-08-31 15:59:00.524821, 108,98,45,16,15052,400,56068,56107,46579,46629
2018-08-31 15:59:03.198151, 102,99,14,18,729287,385,32773,32813,3058,3108
2018-08-31 15:59:03.212884, 112,100,30,18,138045,384,15108,15147,3470,3519
2018-08-31 15:59:03.239603, 109,101,30,19,162393,384,56068,56107,4368,4418
2018-08-31 15:59:03.267650, 107,102,30,18,145599,384,15108,15147,5289,5339
2018-08-31 15:59:03.287374, 103,103,30,17,136697,383,11012,11051,5905,5955
2018-08-31 15:59:03.404212, 108,104,46,17,127385,368,19204,19243,9709,9759
2018-08-31 15:59:06.210100, 102,105,15,19,738471,385,260,299,36075,36125
2018-08-31 15:59:06.240807, 109,106,31,20,169815,384,23300,23339,37130,37180
2018-08-31 15:59:06.269666, 107,107,31,19,175117,384,47876,47915,38051,38101
2018-08-31 15:59:06.296206, 103,108,31,18,144083,385,44036,44075,38923,38973
2018-08-31 15:59:06.347775, 112,109,31,19,155546,401,52228,52267,40584,40634
2018-08-31 15:59:06.528812, 108,110,47,18,151034,400,56068,56107,46567,46617
2018-08-31 15:59:09.218893, 102,111,0,20,756308,385,33284,33323,3558,3608
2018-08-31 15:59:09.243437, 109,112,16,21,285851,384,56068,56107,4357,4406
2018-08-31 15:59:09.271451, 107,113,16,20,269429,384,15108,15147,5278,5327
2018-08-31 15:59:09.297343, 103,114,16,19,261282,384,11268,11307,6150,6200
2018-08-31 15:59:09.340499, 112,115,16,20,285219,383,19204,19243,7554,7604
2018-08-31 15:59:09.530201, 108,116,32,19,257255,384,23300,23339,13793,13843
2018-08-31 15:59:12.230501, 102,117,1,21,608312,385,772,811,36577,36627
2018-08-31 15:59:12.245576, 109,118,17,22,39180,384,23300,23339,37119,37169
2018-08-31 15:59:12.270581, 107,119,17,21,22025,384,47876,47915,38040,38090
2018-08-31 15:59:12.290436, 103,120,17,20,11223,383,43784,43823,38660,38710
2018-08-31 15:59:12.342958, 112,121,17,21,9820,384,51972,52011,40317,40367
2018-08-31 15:59:12.532466, 108,122,33,20,15347,384,56068,56107,46556,46607
2018-08-31 15:59:15.237428, 102,123,2,22,730258,385,33796,33835,4060,4110
2018-08-31 15:59:15.273770, 107,124,18,22,141975,384,15108,15147,5266,5316
2018-08-31 15:59:15.301719, 103,125,18,21,133626,385,11268,11307,6138,6188
2018-08-31 15:59:15.352331, 112,126,18,22,135356,385,19460,19499,7799,7849
2018-08-31 15:59:15.370319, 109,127,18,23,164877,400,60164,60203,8441,8491
2018-08-31 15:59:15.535130, 108,128,34,21,132681,384,23300,23339,13782,13833
2018-08-31 15:59:18.246245, 102,129,3,23,738786,385,1284,1323,37078,37129
2018-08-31 15:59:18.274236, 107,130,19,23,152888,384,47876,47915,38029,38078
2018-08-31 15:59:18.295218, 103,131,19,22,142556,383,43780,43819,38644,38694
2018-08-31 15:59:18.346110, 112,132,19,23,145535,383,51972,52011,40306,40356
2018-08-31 15:59:18.371178, 109,133,19,24,169762,384,27396,27435,41203,41253
2018-08-31 15:59:18.535366, 108,134,35,22,144309,384,56068,56107,46544,46595
2018-08-31 15:59:21.256118, 102,135,4,24,756586,385,34308,34347,4561,4612
2018-08-31 15:59:21.278013, 107,136,20,24,267580,384,15108,15147,5255,5305
2018-08-31 15:59:21.296049, 103,137,20,23,259782,384,11012,11051,5871,5921
2018-08-31 15:59:21.346596, 112,138,20,24,266558,384,19204,19243,7532,7582
2018-08-31 15:59:21.373602, 109,139,20,25,285356,384,60164,60203,8430,8479
2018-08-31 15:59:21.537978, 108,140,36,23,257391,384,23300,23339,13770,13821
2018-08-31 15:59:24.262917, 102,141,5,25,610754,385,1796,1835,37580,37630
2018-08-31 15:59:24.305002, 103,142,21,24,12535,385,44036,44075,38889,38939
2018-08-31 15:59:24.355085, 112,143,21,25,12588,385,52228,52267,40551,40601
2018-08-31 15:59:24.375406, 109,144,21,26,39131,384,27396,27435,41192,41242
2018-08-31 15:59:24.403668, 107,145,21,25,43594,400,51972,52011,42113,42163
2018-08-31 15:59:24.539422, 108,146,37,24,15157,384,56068,56107,46533,46583
2018-08-31 15:59:27.273222, 102,147,6,26,730043,385,34820,34859,5063,5112
2018-08-31 15:59:27.299783, 103,148,22,25,132278,383,11012,11051,5859,5909
2018-08-31 15:59:27.349676, 112,149,22,26,134497,383,19204,19243,7521,7571
2018-08-31 15:59:27.377303, 109,150,22,27,158820,384,60164,60203,8418,8468
2018-08-31 15:59:27.404621, 107,151,22,26,142018,384,19204,19243,9339,9389
2018-08-31 15:59:27.664827, 108,152,38,25,138498,400,27396,27435,17855,17905
2018-08-31 15:59:30.283994, 102,153,7,27,737684,385,2308,2347,38081,38131
2018-08-31 15:59:30.308263, 103,154,23,26,144021,385,44036,44075,38877,38928
2018-08-31 15:59:30.350197, 112,155,23,27,146100,384,51976,52015,40288,40338
2018-08-31 15:59:30.378303, 109,156,23,28,169746,384,27396,27435,41181,41231
2018-08-31 15:59:30.407799, 107,157,23,27,152923,384,51972,52011,42102,42152
2018-08-31 15:59:30.665867, 108,158,39,26,144185,384,60164,60203,50617,50667
2018-08-31 15:59:33.293295, 102,159,8,28,756787,385,35332,35371,5564,5614
2018-08-31 15:59:33.302397, 103,160,24,27,258857,383,11012,11051,5848,5898
2018-08-31 15:59:33.361050, 112,161,24,28,267261,385,19460,19499,7766,7816
2018-08-31 15:59:33.380120, 109,162,24,29,285537,384,60164,60203,8407,8458
2018-08-31 15:59:33.408083, 107,163,24,28,267500,384,19204,19243,9328,9378
2018-08-31 15:59:33.542183, 108,164,40,27,246775,368,23300,23339,13747,13798
2018-08-31 15:59:36.303103, 102,165,9,29,609817,385,2820,2859,38583,38633
2018-08-31 15:59:36.353318, 112,166,25,29,10779,383,51972,52011,40273,40323
2018-08-31 15:59:36.381686, 109,167,25,30,41774,384,27396,27435,41169,41220
2018-08-31 15:59:36.409628, 107,168,25,29,24903,384,51972,52011,42090,42140
2018-08-31 15:59:36.435772, 103,169,25,28,33891,401,48132,48171,42962,43012
2018-08-31 15:59:36.670060, 108,170,41,28,36906,400,60164,60203,50606,50656
2018-08-31 15:59:39.311058, 102,171,10,30,728658,385,35844,35883,6066,6115
2018-08-31 15:59:39.356152, 112,172,26,30,134833,384,19209,19248,7504,7554
2018-08-31 15:59:39.383084, 109,173,26,31,159241,384,60164,60203,8396,8446
2018-08-31 15:59:39.410668, 107,174,26,30,142214,384,19204,19243,9317,9367
2018-08-31 15:59:39.438237, 103,175,26,29,133236,384,15364,15403,10188,10238
2018-08-31 15:59:39.547158, 108,176,42,29,126872,368,23300,23339,13736,13786
2018-08-31 15:59:42.320517, 102,177,11,31,737613,385,3332,3371,39084,39134
2018-08-31 15:59:42.358133, 112,178,27,31,146348,384,51972,52011,40262,40311
2018-08-31 15:59:42.412203, 107,179,27,31,152956,384,51972,52011,42079,42129
2018-08-31 15:59:42.431252, 103,180,27,30,142547,383,47876,47915,42694,42744
2018-08-31 15:59:45.330591, 102,181,12,32,756964,385,36356,36395,6567,6617
2018-08-31 15:59:45.359105, 112,182,28,32,265558,384,19204,19243,7488,7538
2018-08-31 15:59:45.385891, 109,183,28,32,319322,768,60164,60203,8385,8434
2018-08-31 15:59:45.414752, 107,184,28,32,267698,384,19204,19243,9306,9355
2018-08-31 15:59:45.441761, 103,185,28,31,259322,385,15364,15403,10176,10226
2018-08-31 15:59:45.674244, 108,186,44,30,293244,784,27396,27435,17820,17870
2018-08-31 15:59:48.338581, 102,187,13,33,608400,385,3844,3883,39586,39636
2018-08-31 15:59:48.360829, 112,188,29,33,10220,384,51972,52011,40251,40300
2018-08-31 15:59:48.387659, 109,189,29,33,39111,384,27396,27435,41147,41197
2018-08-31 15:59:48.415855, 107,190,29,33,22177,384,51972,52011,42068,42118
2018-08-31 15:59:48.441513, 103,191,29,32,11888,384,48132,48171,42939,42989
2018-08-31 15:59:48.548620, 108,192,45,31,13805,368,56068,56107,46487,46537
2018-08-31 15:59:51.348172, 102,193,14,34,728747,385,36868,36907,7069,7118
2018-08-31 15:59:51.361870, 112,194,30,34,134924,384,19204,19243,7477,7527
2018-08-31 15:59:51.389993, 109,195,30,34,158867,384,60164,60203,8373,8423
2018-08-31 15:59:51.410595, 107,196,30,34,141055,383,18948,18987,9038,9088
2018-08-31 15:59:51.435695, 103,197,30,33,132287,383,15112,15151,9913,9963
2018-08-31 15:59:51.553043, 108,198,46,32,132460,384,23300,23339,13713,13763
2018-08-31 15:59:54.359582, 102,199,15,35,737653,385,4356,4395,40088,40137
2018-08-31 15:59:54.390747, 109,200,31,35,169586,384,27396,27435,41136,41185
2018-08-31 15:59:54.419784, 107,201,31,35,153303,385,51972,52011,42057,42106
2018-08-31 15:59:54.444558, 103,202,31,34,144270,385,48132,48171,42927,42977
2018-08-31 15:59:54.497131, 112,203,31,35,154161,401,56324,56363,44591,44641
2018-08-31 15:59:54.554614, 108,204,47,33,143512,384,56068,56107,46475,46526
2018-08-31 15:59:57.368752, 102,205,0,36,757195,385,37380,37419,7570,7620
2018-08-31 15:59:57.392120, 109,206,16,36,284782,384,60164,60203,8362,8412
2018-08-31 15:59:57.419716, 107,207,16,36,267450,384,19204,19243,9283,9333
2018-08-31 15:59:57.446836, 103,208,16,35,260146,384,15364,15403,10153,10203
2018-08-31 15:59:57.490716, 112,209,16,36,266113,383,23300,23339,11562,11612
2018-08-31 15:59:57.555920, 108,210,32,34,256533,384,23300,23339,13702,13752
2018-08-31 16:00:00.376992, 102,211,1,37,608401,385,4868,4907,40589,40639
2018-08-31 16:00:00.393715, 109,212,17,37,38983,384,27396,27435,41124,41174
2018-08-31 16:00:00.421592, 107,213,17,37,22085,384,51972,52011,42045,42095
2018-08-31 16:00:00.447778, 103,214,17,36,11844,384,48132,48171,42915,42966
2018-08-31 16:00:00.490260, 112,215,17,37,10459,384,56068,56107,44324,44374
2018-08-31 16:00:00.680898, 108,216,33,35,15040,400,60164,60203,50560,50610
2018-08-31 16:00:03.386784, 102,217,2,38,728779,385,37892,37931,8072,8122
2018-08-31 16:00:03.423644, 107,218,18,38,142048,384,19204,19243,9272,9321
2018-08-31 16:00:03.450759, 103,219,18,37,133283,384,15364,15403,10142,10192
2018-08-31 16:00:03.500619, 112,220,18,38,136027,385,23556,23595,11807,11857
2018-08-31 16:00:03.521495, 109,221,18,38,164641,400,64260,64299,12446,12496
2018-08-31 16:00:03.807928, 108,222,34,36,137675,400,31492,31531,21882,21932
2018-08-31 16:00:06.395151, 102,223,3,39,739118,385,5380,5419,41091,41140
2018-08-31 16:00:06.423585, 107,224,19,39,154678,384,51972,52011,42034,42084
2018-08-31 16:00:06.443731, 103,225,19,38,144673,383,47876,47915,42648,42698
2018-08-31 16:00:06.495281, 112,226,19,39,166339,383,56068,56107,44313,44363
2018-08-31 16:00:06.523065, 109,227,19,39,184202,384,31492,31531,45209,45259
2018-08-31 16:00:06.808981, 108,228,35,37,146783,384,64260,64299,54644,54694
2018-08-31 16:00:09.403816, 102,229,4,40,757345,385,38404,38443,8573,8623
2018-08-31 16:00:09.425034, 107,230,20,40,267826,384,19204,19243,9260,9310
2018-08-31 16:00:09.444412, 103,231,20,39,259726,384,15108,15147,9874,9924
2018-08-31 16:00:09.495935, 112,232,20,40,266793,384,23300,23339,11540,11590
2018-08-31 16:00:09.523181, 109,233,20,40,285193,384,64260,64299,12435,12485
2018-08-31 16:00:09.812256, 108,234,36,38,256652,384,31492,31531,21870,21920
2018-08-31 16:00:12.415613, 102,235,5,41,609899,385,5892,5931,41592,41642
2018-08-31 16:00:12.454110, 103,236,21,40,12626,385,48132,48171,42892,42943
2018-08-31 16:00:12.498325, 112,237,21,41,10606,384,56068,56107,44302,44352
2018-08-31 16:00:12.524549, 109,238,21,41,39408,384,31492,31531,45198,45247
2018-08-31 16:00:12.552528, 107,239,21,41,23086,400,56068,56107,46118,46168
2018-08-31 16:00:12.687065, 108,240,37,39,13864,368,60164,60203,50537,50587
2018-08-31 16:00:15.424862, 102,241,6,42,728920,385,38916,38955,9075,9125
2018-08-31 16:00:15.448029, 103,242,22,41,132184,383,15108,15147,9863,9913
2018-08-31 16:00:15.499855, 112,243,22,42,135096,384,23300,23339,11529,11578
2018-08-31 16:00:15.525163, 109,244,22,42,158876,384,64260,64299,12424,12474
2018-08-31 16:00:15.552953, 107,245,22,42,142086,384,23300,23339,13345,13395
2018-08-31 16:00:15.814026, 108,246,38,40,137995,400,31492,31531,21859,21909
2018-08-31 16:00:18.433669, 102,247,7,43,737895,385,6404,6443,42094,42143
2018-08-31 16:00:18.457527, 103,248,23,42,144100,385,48132,48171,42881,42931
2018-08-31 16:00:18.500958, 112,249,23,43,146622,384,56068,56107,44291,44341
2018-08-31 16:00:18.528236, 109,250,23,43,169624,384,31492,31531,45186,45236
2018-08-31 16:00:18.555009, 107,251,23,43,152990,384,56068,56107,46107,46157
2018-08-31 16:00:18.690787, 108,252,39,41,137747,368,60164,60203,50525,50576
2018-08-31 16:00:21.441062, 102,253,8,44,757548,385,39428,39467,9576,9626
2018-08-31 16:00:21.459004, 103,254,24,43,260154,384,15364,15403,10107,10157
2018-08-31 16:00:21.510441, 112,255,24,44,267746,385,23556,23595,11774,11823
2018-08-31 16:00:21.530097, 109,256,24,44,285445,384,64260,64299,12413,12463
2018-08-31 16:00:21.556766, 107,257,24,44,267572,384,23300,23339,13333,13383
2018-08-31 16:00:21.691981, 108,258,40,42,256737,384,27396,27435,17752,17802
2018-08-31 16:00:24.451450, 102,259,9,45,608227,385,6916,6955,42595,42645
2018-08-31 16:00:24.502073, 112,260,25,45,10190,383,56068,56107,44280,44330
2018-08-31 16:00:24.530280, 109,261,25,45,39426,384,31492,31531,45175,45225
2018-08-31 16:00:24.558991, 107,262,25,45,21871,384,56068,56107,46096,46146
2018-08-31 16:00:24.585819, 103,263,25,44,12903,400,52228,52267,46965,47015
2018-08-31 16:00:24.693204, 108,264,41,43,14138,384,60164,60203,50514,50564
2018-08-31 16:00:27.462285, 102,265,10,46,728754,385,39940,39979,10078,10128
2018-08-31 16:00:27.505249, 112,266,26,46,135055,384,23300,23339,11507,11556
2018-08-31 16:00:27.531259, 109,267,26,46,158992,384,64260,64299,12401,12451
2018-08-31 16:00:27.560353, 107,268,26,46,141884,384,23300,23339,13322,13372
2018-08-31 16:00:27.579353, 103,269,26,45,132183,383,19204,19243,13935,13985
2018-08-31 16:00:27.696402, 108,270,42,44,132605,384,27396,27435,17740,17790
2018-08-31 16:00:30.470150, 102,271,11,47,737765,385,7428,7467,43097,43147
2018-08-31 16:00:30.505287, 112,272,27,47,146714,384,56068,56107,44269,44319
2018-08-31 16:00:30.552794, 107,273,27,47,151795,383,55812,55851,45829,45878
2018-08-31 16:00:30.581927, 103,274,27,46,143065,384,51972,52011,46698,46748
2018-08-31 16:00:33.479882, 102,275,12,48,757558,385,40452,40491,10580,10629
2018-08-31 16:00:33.508527, 112,276,28,48,265892,384,23300,23339,11496,11545
2018-08-31 16:00:33.534011, 109,277,28,47,319148,768,64260,64299,12390,12440
2018-08-31 16:00:33.563374, 107,278,28,48,268365,385,23300,23339,13311,13361
2018-08-31 16:00:33.590957, 103,279,28,47,259489,385,19460,19499,14180,14230
2018-08-31 16:00:33.822980, 108,280,44,45,293671,784,31492,31531,21825,21874
2018-08-31 16:00:36.489388, 102,281,13,49,608386,385,7940,7979,43598,43648
2018-08-31 16:00:36.516107, 112,282,29,49,10905,385,56324,56363,44514,44564
2018-08-31 16:00:36.536977, 109,283,29,48,38745,384,31492,31531,45152,45202
2018-08-31 16:00:36.563936, 107,284,29,49,22219,384,56068,56107,46073,46123
2018-08-31 16:00:36.591837, 103,285,29,48,11947,384,52228,52267,46942,46992
2018-08-31 16:00:36.699985, 108,286,45,46,13579,368,60164,60203,50491,50541
2018-08-31 16:00:39.498106, 102,287,14,50,728922,385,40964,41003,11081,11131
2018-08-31 16:00:39.510721, 112,288,30,50,134391,383,23300,23339,11484,11535
2018-08-31 16:00:39.538811, 109,289,30,49,158525,384,64260,64299,12379,12429
2018-08-31 16:00:39.557891, 107,290,30,50,141040,383,23044,23083,13044,13093
2018-08-31 16:00:39.586948, 103,291,30,49,132363,383,19204,19243,13912,13962
2018-08-31 16:00:39.825506, 108,292,46,47,138165,400,31492,31531,21813,21863
2018-08-31 16:00:42.506475, 102,293,15,51,739022,385,8452,8491,44100,44150
2018-08-31 16:00:42.540012, 109,294,31,50,169510,384,31492,31531,45141,45191
2018-08-31 16:00:42.568037, 107,295,31,51,153290,385,56068,56107,46062,46112
2018-08-31 16:00:42.593112, 103,296,31,50,144201,385,52228,52267,46931,46981
2018-08-31 16:00:42.644201, 112,297,31,51,153852,401,60420,60459,48599,48649
2018-08-31 16:00:42.702922, 108,298,47,48,137655,368,60164,60203,50480,50530
2018-08-31 16:00:45.517422, 102,299,0,52,757727,385,41476,41515,11583,11632
2018-08-31 16:00:45.541153, 109,300,16,51,285456,384,64260,64299,12368,12418
2018-08-31 16:00:45.570330, 107,301,16,52,267514,384,23300,23339,13288,13338
2018-08-31 16:00:45.588243, 103,302,16,51,259119,383,19204,19243,13901,13951
2018-08-31 16:00:45.638986, 112,303,16,52,265499,383,27396,27435,15569,15620
2018-08-31 16:00:45.704739, 108,304,32,49,256702,384,27396,27435,17706,17756
2018-08-31 16:00:48.527671, 102,305,1,53,609953,385,8964,9003,44601,44651
2018-08-31 16:00:48.542600, 109,306,17,52,39268,384,31492,31531,45130,45180
2018-08-31 16:00:48.570134, 107,307,17,53,22121,384,56068,56107,46051,46100
2018-08-31 16:00:48.596623, 103,308,17,52,12174,385,52228,52267,46919,46969
2018-08-31 16:00:48.639750, 112,309,17,53,10198,384,60164,60203,48332,48382
2018-08-31 16:00:48.829949, 108,310,33,50,15210,400,64260,64299,54564,54614
2018-08-31 16:00:51.534865, 102,311,2,54,728998,385,41988,42027,12084,12134
2018-08-31 16:00:51.572994, 107,312,18,54,142008,384,23300,23339,13277,13328
2018-08-31 16:00:51.597281, 103,313,18,53,133302,384,19460,19499,14145,14195
2018-08-31 16:00:51.648198, 112,314,18,54,135912,385,27652,27691,15814,15864
2018-08-31 16:00:51.669792, 109,315,18,53,164546,400,2820,2859,16452,16502
2018-08-31 16:00:51.957543, 108,316,34,51,137805,400,35588,35627,25886,25936
2018-08-31 16:00:54.544650, 102,317,3,55,737945,385,9476,9515,45103,45153
2018-08-31 16:00:54.575357, 107,318,19,55,152917,384,56068,56107,46039,46090
2018-08-31 16:00:54.601106, 103,319,19,54,143829,384,52228,52267,46908,46958
2018-08-31 16:00:54.643664, 112,320,19,55,145821,383,60164,60203,48321,48371
2018-08-31 16:00:54.672459, 109,321,19,54,169589,384,35588,35627,49214,49265
2018-08-31 16:00:54.959187, 108,322,35,52,143825,384,2820,2859,58648,58698
2018-08-31 16:00:57.554808, 102,323,4,56,757808,385,42500,42539,12586,12635
2018-08-31 16:00:57.574677, 107,324,20,56,267673,384,23300,23339,13266,13316
2018-08-31 16:00:57.594474, 103,325,20,55,259241,383,19204,19243,13878,13928
2018-08-31 16:00:57.645697, 112,326,20,56,266699,384,27396,27435,15547,15597
2018-08-31 16:00:57.671796, 109,327,20,55,285144,384,2820,2859,16441,16491
2018-08-31 16:00:57.960061, 108,328,36,53,256834,384,35588,35627,25875,25925
2018-08-31 16:01:00.563836, 102,329,5,57,610091,385,9988,10027,45604,45654
2018-08-31 16:01:00.602458, 103,330,21,56,12615,385,52228,52267,46896,46946
2018-08-31 16:01:00.645030, 112,331,21,57,9859,384,60164,60203,48310,48359
2018-08-31 16:01:00.674165, 109,332,21,56,39318,384,35588,35627,49203,49253
2018-08-31 16:01:00.701847, 107,333,21,57,22992,400,60164,60203,50124,50174
2018-08-31 16:01:00.959596, 108,334,37,54,14500,384,2820,2859,58637,58687
2018-08-31 16:01:03.572535, 102,335,6,58,728846,385,43012,43051,13087,13137
2018-08-31 16:01:03.604156, 103,336,22,57,133405,384,19460,19499,14122,14172
2018-08-31 16:01:03.647549, 112,337,22,58,134956,384,27396,27435,15536,15586
2018-08-31 16:01:03.675526, 109,338,22,57,158824,384,2820,2859,16430,16480
2018-08-31 16:01:03.702417, 107,339,22,58,142076,384,27396,27435,17350,17400
2018-08-31 16:01:03.964535, 108,340,38,55,132437,384,35588,35627,25863,25913
2018-08-31 16:01:06.583012, 102,341,7,59,737690,385,10500,10539,46106,46156
2018-08-31 16:01:06.607665, 103,342,23,58,150090,384,52228,52267,46885,46935
2018-08-31 16:01:06.649470, 112,343,23,59,148130,384,60169,60208,48303,48353
2018-08-31 16:01:06.676664, 109,344,23,58,169572,384,35588,35627,49192,49242
2018-08-31 16:01:06.704641, 107,345,23,59,152991,384,60164,60203,50112,50162
2018-08-31 16:01:06.963299, 108,346,39,56,143790,384,2820,2859,58626,58675
2018-08-31 16:01:09.592111, 102,347,8,60,757813,385,43524,43563,13589,13639
2018-08-31 16:01:09.608864, 103,348,24,59,260120,384,19460,19499,14111,14161
2018-08-31 16:01:09.651220, 112,349,24,60,266717,384,27396,27435,15525,15575
2018-08-31 16:01:09.677616, 109,350,24,59,285395,384,2820,2859,16418,16468
2018-08-31 16:01:09.706624, 107,351,24,60,267599,384,27396,27435,17339,17389
2018-08-31 16:01:09.841625, 108,352,40,57,246173,368,31492,31531,21756,21806
2018-08-31 16:01:12.599954, 102,353,9,61,609854,385,11012,11051,46608,46657
2018-08-31 16:01:12.651057, 112,354,25,61,9755,384,60164,60203,48287,48337
2018-08-31 16:01:12.680145, 109,355,25,60,39364,384,35588,35627,49181,49231
2018-08-31 16:01:12.707489, 107,356,25,61,21847,384,60164,60203,50101,50151
2018-08-31 16:01:12.734372, 103,357,25,60,13571,400,56324,56363,50969,51019
2018-08-31 16:01:12.843644, 108,358,41,58,16294,384,64260,64299,54518,54568
2018-08-31 16:01:15.610734, 102,359,10,62,728948,385,44036,44075,14090,14140
2018-08-31 16:01:15.654650, 112,360,26,62,134338,384,27396,27436,15514,15564
2018-08-31 16:01:15.682429, 109,361,26,61,158863,384,2820,2859,16407,16457
2018-08-31 16:01:15.709617, 107,362,26,62,141934,384,27396,27435,17328,17377
2018-08-31 16:01:15.735912, 103,363,26,61,133349,384,23556,23595,18195,18245
2018-08-31 16:01:15.843282, 108,364,42,59,132519,384,31492,31531,21745,21794
2018-08-31 16:01:18.620055, 102,365,11,63,739139,385,11524,11563,47109,47159
2018-08-31 16:01:18.656266, 112,366,27,63,146030,384,60164,60203,48276,48326
2018-08-31 16:01:18.682103, 109,367,27,62,169324,384,35588,35627,49169,49219
2018-08-31 16:01:18.709380, 107,368,27,63,152961,384,60164,60203,50090,50140
2018-08-31 16:01:18.730528, 103,369,27,62,142639,383,56068,56106,50701,50751
2018-08-31 16:01:18.971176, 108,370,43,60,150022,400,2820,2859,58603,58653
2018-08-31 16:01:21.630134, 102,371,12,64,757795,385,44548,44587,14592,14642
2018-08-31 16:01:21.656983, 112,372,28,64,266728,384,27396,27435,15503,15553
2018-08-31 16:01:21.684029, 109,373,28,63,284851,384,2820,2859,16396,16446
2018-08-31 16:01:21.712878, 107,374,28,64,267231,384,27396,27435,17316,17366
2018-08-31 16:01:21.738918, 103,375,28,63,260566,385,23556,23595,18183,18234
2018-08-31 16:01:21.846899, 108,376,44,61,245630,368,31492,31531,21733,21783
2018-08-31 16:01:24.637900, 102,377,13,65,608442,385,12036,12075,47611,47660
2018-08-31 16:01:24.658773, 112,378,29,65,10579,384,60171,60210,48272,48322
2018-08-31 16:01:24.684984, 109,379,29,64,39201,384,35588,35627,49158,49208
2018-08-31 16:01:24.712578, 107,380,29,65,21934,384,60164,60203,50079,50128
2018-08-31 16:01:24.739947, 103,381,29,64,12038,384,56324,56363,50946,50996
2018-08-31 16:01:24.848975, 108,382,45,62,14787,384,64260,64299,54495,54545
2018-08-31 16:01:27.647376, 102,383,14,66,730194,385,45060,45099,15093,15143
2018-08-31 16:01:27.660281, 112,384,30,66,135411,384,27396,27435,15492,15542
2018-08-31 16:01:27.688565, 109,385,30,65,158631,384,2820,2859,16385,16435
2018-08-31 16:01:27.706732, 107,386,30,66,141059,383,27140,27179,17049,17099
2018-08-31 16:01:27.733831, 103,387,30,65,132347,383,23306,23345,17922,17972
2018-08-31 16:01:27.976433, 108,388,46,63,137578,400,35588,35627,25818,25868
2018-08-31 16:01:30.658328, 102,389,15,67,737643,385,12548,12587,48112,48162
2018-08-31 16:01:30.687472, 109,390,31,66,178541,384,35588,35627,49147,49197
2018-08-31 16:01:30.717170, 107,391,31,67,153278,385,60164,60203,50067,50117
2018-08-31 16:01:30.743178, 103,392,31,66,144277,385,56324,56363,50934,50984
2018-08-31 16:01:30.795486, 112,393,31,67,156618,401,64516,64555,52606,52656
2018-08-31 16:01:30.851667, 108,394,47,64,137733,368,64260,64299,54484,54535
2018-08-31 16:01:33.665881, 102,395,0,68,757763,385,45572,45611,15595,15645
2018-08-31 16:01:33.689736, 109,396,16,67,285268,384,2820,2859,16373,16423
2018-08-31 16:01:33.718684, 107,397,16,68,267432,384,27396,27435,17294,17343
2018-08-31 16:01:33.745374, 103,398,16,67,260156,384,23556,23595,18160,18210
2018-08-31 16:01:33.787632, 112,399,16,68,266080,383,31492,31531,19577,19626
2018-08-31 16:01:33.853879, 108,400,32,65,256683,384,31492,31531,21710,21761
2018-08-31 16:01:36.676001, 102,401,1,69,609823,385,13060,13099,48614,48663
2018-08-31 16:01:36.691988, 109,402,17,68,39276,384,35588,35627,49136,49186
2018-08-31 16:01:36.719158, 107,403,17,69,22061,384,60164,60203,50056,50106
2018-08-31 16:01:36.739050, 103,404,17,68,11540,383,56069,56113,50673,50723
2018-08-31 16:01:36.788729, 112,405,17,69,10714,384,64260,64299,52339,52389
2018-08-31 16:01:36.855917, 108,406,33,66,14755,384,64260,64299,54473,54522
2018-08-31 16:01:39.683799, 102,407,2,70,728962,385,46084,46123,16096,16146
2018-08-31 16:01:39.721774, 107,408,18,70,143165,384,27396,27435,17282,17332
2018-08-31 16:01:39.747781, 103,409,18,69,135439,385,23556,23595,18149,18199
2018-08-31 16:01:39.791300, 112,410,18,70,147353,384,31492,31531,19566,19615
2018-08-31 16:01:39.816501, 109,411,18,69,165504,400,6916,6955,20458,20508
2018-08-31 16:01:40.107220, 108,412,34,67,143336,416,39684,39723,29890,29940
2018-08-31 16:01:42.694511, 102,413,3,71,738738,385,13572,13611,49115,49166
2018-08-31 16:01:42.724095, 107,414,19,71,160926,384,60164,60203,50045,50094
2018-08-31 16:01:42.748446, 103,415,19,70,143830,384,56324,56363,50911,50961
2018-08-31 16:01:42.794020, 112,416,19,71,146471,384,64260,64299,52328,52378
2018-08-31 16:01:42.819755, 109,417,19,70,169431,384,39684,39723,53220,53270
2018-08-31 16:01:42.983122, 108,418,35,68,139803,368,2820,2859,58557,58607
2018-08-31 16:01:45.703348, 102,419,4,72,757562,385,46596,46635,16598,16648
2018-08-31 16:01:45.724701, 107,420,20,72,267791,384,27396,27435,17271,17321
2018-08-31 16:01:45.751437, 103,421,20,71,259731,384,23556,23595,18137,18188
2018-08-31 16:01:45.793155, 112,422,20,72,267126,384,31492,31531,19554,19604
2018-08-31 16:01:45.821455, 109,423,20,71,285003,384,6916,6955,20447,20497
2018-08-31 16:01:45.983790, 108,424,36,69,256932,384,35588,35627,25783,25833
2018-08-31 16:01:48.713491, 102,425,5,73,608443,385,14084,14123,49617,49667
2018-08-31 16:01:48.752594, 103,426,21,72,12005,384,56324,56363,50900,50950
2018-08-31 16:01:48.796334, 112,427,21,73,10970,384,64260,64299,52317,52367
2018-08-31 16:01:48.822394, 109,428,21,72,39311,384,39684,39723,53209,53260
2018-08-31 16:01:48.852172, 107,429,21,73,23164,400,64260,64299,54129,54179
2018-08-31 16:01:48.985719, 108,430,37,70,14526,384,2820,2859,58545,58595
2018-08-31 16:01:51.721697, 102,431,6,74,729920,385,47108,47147,17099,17149
2018-08-31 16:01:51.753123, 103,432,22,73,133307,384,23556,23595,18126,18177
2018-08-31 16:01:51.796320, 112,433,22,74,135323,384,31492,31531,19543,19593
2018-08-31 16:01:51.823531, 109,434,22,73,158680,384,6916,6955,20435,20486
2018-08-31 16:01:51.852742, 107,435,22,74,142077,384,31492,31531,21355,21405
2018-08-31 16:01:52.111835, 108,436,38,71,138138,400,39684,39723,29867,29917
2018-08-31 16:01:54.732207, 102,437,7,75,737628,385,14596,14635,50118,50168
2018-08-31 16:01:54.755903, 103,438,23,74,143757,384,56324,56363,50888,50938
2018-08-31 16:01:54.796949, 112,439,23,75,146823,384,64260,64299,52306,52355
2018-08-31 16:01:54.827349, 109,440,23,74,169466,384,39684,39723,53198,53249
2018-08-31 16:01:54.855486, 107,441,23,75,152919,384,64260,64299,54118,54168
2018-08-31 16:01:55.113575, 108,442,39,72,143742,384,6916,6955,62630,62680
2018-08-31 16:01:57.741011, 102,443,8,76,757389,385,47620,47659,17601,17651
2018-08-31 16:01:57.756004, 103,444,24,75,259921,384,23556,23595,18114,18164
2018-08-31 16:01:57.798538, 112,445,24,76,266923,384,31492,31531,19532,19582
2018-08-31 16:01:57.828037, 109,446,24,75,285246,384,6916,6955,20424,20474
2018-08-31 16:01:57.855602, 107,447,24,76,268185,384,31492,31531,21344,21394
2018-08-31 16:01:58.115687, 108,448,40,73,256940,384,39684,39723,29856,29906
2018-08-31 16:02:00.749170, 102,449,9,77,608358,385,15108,15147,50620,50669
2018-08-31 16:02:00.800565, 112,450,25,77,11027,384,64260,64299,52295,52345
2018-08-31 16:02:00.828411, 109,451,25,76,39366,384,39684,39723,53186,53236
2018-08-31 16:02:00.857280, 107,452,25,77,22183,384,64260,64299,54106,54156
2018-08-31 16:02:00.884227, 103,453,25,76,13625,400,60420,60459,54972,55022
2018-08-31 16:02:01.117195, 108,454,41,74,15047,384,6916,6955,62618,62668
2018-08-31 16:02:03.759902, 102,455,10,78,728771,385,48132,48171,18102,18152
2018-08-31 16:02:03.801957, 112,456,26,78,135825,384,31493,31532,19522,19572
2018-08-31 16:02:03.830963, 109,457,26,77,158724,384,6916,6955,20413,20463
2018-08-31 16:02:03.859227, 107,458,26,78,141980,384,31492,31531,21333,21383
2018-08-31 16:02:03.884874, 103,459,26,77,133222,384,27652,27691,22198,22248
2018-08-31 16:02:04.118733, 108,460,42,75,132774,384,39684,39723,29845,29894
2018-08-31 16:02:06.768918, 102,461,11,79,738767,385,15620,15659,51121,51171
2018-08-31 16:02:06.805052, 112,462,27,79,147223,384,64260,64299,52284,52334
2018-08-31 16:02:06.831740, 109,463,27,78,169239,384,39684,39723,53175,53225
2018-08-31 16:02:06.852206, 107,464,27,79,151702,383,64004,64043,53839,53889
2018-08-31 16:02:06.879045, 103,465,27,78,142539,383,60171,60210,54712,54762
2018-08-31 16:02:07.118776, 108,466,43,76,143490,384,6916,6955,62607,62657
2018-08-31 16:02:09.778843, 102,467,12,80,757090,385,48644,48683,18604,18654
2018-08-31 16:02:09.806446, 112,468,28,80,267589,384,31492,31531,19510,19560
2018-08-31 16:02:09.833767, 109,469,28,79,284745,384,6916,6955,20402,20452
2018-08-31 16:02:09.861442, 107,470,28,80,267642,385,31492,31531,21321,21371
2018-08-31 16:02:09.888083, 103,471,28,79,260258,385,27652,27691,22187,22237
2018-08-31 16:02:10.120569, 108,472,44,77,256395,384,39684,39723,29833,29883
2018-08-31 16:02:12.787867, 102,473,13,81,608449,385,16132,16171,51623,51672
2018-08-31 16:02:12.807932, 112,474,29,81,11489,384,64267,64306,52279,52329
2018-08-31 16:02:12.836104, 109,475,29,80,39235,384,39684,39723,53164,53214
2018-08-31 16:02:12.861195, 107,476,29,81,23291,384,64260,64299,54084,54134
2018-08-31 16:02:12.890499, 103,477,29,80,11773,384,60420,60459,54949,54999
2018-08-31 16:02:13.122343, 108,478,45,78,14842,384,6916,6955,62595,62645
2018-08-31 16:02:15.798654, 102,479,14,82,728547,385,49156,49195,19105,19155
2018-08-31 16:02:15.810350, 112,480,30,82,136201,384,31492,31531,19499,19549
2018-08-31 16:02:15.836302, 109,481,30,81,158388,384,6916,6955,20390,20440
2018-08-31 16:02:15.857144, 107,482,30,82,142183,383,31236,31275,21054,21104
2018-08-31 16:02:15.890483, 103,483,30,81,133295,384,27652,27691,22175,22225
2018-08-31 16:02:16.123839, 108,484,46,79,132323,384,39684,39723,29822,29872
2018-08-31 16:02:18.807086, 102,485,15,83,737571,385,16644,16683,52124,52174
2018-08-31 16:02:18.839367, 109,486,31,82,169305,384,39684,39723,53153,53203
2018-08-31 16:02:18.866246, 107,487,31,83,153134,385,64260,64299,54072,54122
2018-08-31 16:02:18.892785, 103,488,31,82,143790,384,60420,60459,54938,54988
2018-08-31 16:02:18.935470, 112,489,31,83,154171,400,2820,2859,56358,56407
2018-08-31 16:02:19.124792, 108,490,47,80,143810,384,6916,6955,62584,62634
2018-08-31 16:02:21.817092, 102,491,0,84,756841,385,49668,49707,19607,19657
2018-08-31 16:02:21.839525, 109,492,16,83,285058,384,6916,6955,20379,20429
2018-08-31 16:02:21.868637, 107,493,16,84,267190,384,31492,31531,21299,21349
2018-08-31 16:02:21.893373, 103,494,16,83,259805,384,27652,27691,22164,22214
2018-08-31 16:02:21.937024, 112,495,16,84,267593,384,35588,35627,23584,23634
2018-08-31 16:02:22.003310, 108,496,32,81,246255,368,35588,35627,25714,25764
2018-08-31 16:02:24.824657, 102,497,1,85,608570,385,17156,17195,52626,52675
2018-08-31 16:02:24.843323, 109,498,17,84,39191,384,39684,39723,53141,53191
2018-08-31 16:02:24.868178, 107,499,17,85,22148,384,64260,64299,54061,54111
2018-08-31 16:02:24.896335, 103,500,17,84,12064,384,60420,60459,54926,54976
2018-08-31 16:02:24.939356, 112,501,17,85,11700,384,2820,2859,56346,56396
2018-08-31 16:02:25.003846, 108,502,33,82,14935,384,2820,2859,58477,58527
2018-08-31 16:02:27.835619, 102,503,2,86,729143,385,50180,50219,20108,20158
2018-08-31 16:02:27.871287, 107,504,18,86,143155,384,31492,31531,21287,21337
2018-08-31 16:02:27.897051, 103,505,18,85,133121,384,27652,27691,22152,22202
2018-08-31 16:02:27.939719, 112,506,18,86,137896,384,35588,35627,23573,23623
2018-08-31 16:02:27.966629, 109,507,18,85,166985,400,11012,11051,24464,24514
2018-08-31 16:02:28.254961, 108,508,34,83,163641,416,43780,43819,33895,33944
2018-08-31 16:02:30.842644, 102,509,3,87,737340,385,17668,17707,53127,53177
2018-08-31 16:02:30.872371, 107,510,19,87,152730,384,64260,64299,54050,54100
2018-08-31 16:02:30.898796, 103,511,19,86,143745,384,60420,60459,54914,54964
2018-08-31 16:02:30.942807, 112,512,19,87,147637,384,2820,2859,56335,56385
2018-08-31 16:02:30.969660, 109,513,19,86,169529,384,43780,43819,57226,57276
2018-08-31 16:02:31.256837, 108,514,35,84,144115,384,11012,11051,1121,1171
2018-08-31 16:02:33.853662, 102,515,4,88,756519,385,50692,50731,20610,20660
2018-08-31 16:02:33.874267, 107,516,20,88,267285,384,31492,31531,21276,21326
2018-08-31 16:02:33.900079, 103,517,20,87,259501,384,27652,27691,22141,22191
2018-08-31 16:02:33.943763, 112,518,20,88,267436,384,35588,35627,23562,23612
2018-08-31 16:02:33.970456, 109,519,20,87,284764,384,11012,11051,24452,24502
2018-08-31 16:02:34.259688, 108,520,36,85,256939,384,43780,43819,33883,33933
2018-08-31 16:02:36.862005, 102,521,5,89,608426,385,18180,18219,53629,53678
2018-08-31 16:02:36.901381, 103,522,21,88,12473,384,60420,60459,54903,54953
2018-08-31 16:02:36.944597, 112,523,21,89,11559,384,2820,2859,56324,56374
2018-08-31 16:02:36.972456, 109,524,21,88,39302,384,43780,43819,57215,57265
2018-08-31 16:02:37.000576, 107,525,21,89,23136,400,2820,2859,58134,58184
2018-08-31 16:02:37.135388, 108,526,37,86,14143,368,6916,6955,62550,62599
2018-08-31 16:02:39.873330, 102,527,6,90,728512,385,51204,51243,21111,21161
2018-08-31 16:02:39.896419, 103,528,22,89,132238,383,27396,27435,21873,21923
2018-08-31 16:02:39.945607, 112,529,22,90,136337,384,35588,35627,23551,23601
2018-08-31 16:02:39.972925, 109,530,22,89,158581,384,11012,11051,24441,24491
2018-08-31 16:02:40.001925, 107,531,22,90,141908,384,35588,35627,25361,25410
2018-08-31 16:02:40.136304, 108,532,38,87,132797,384,39684,39723,29776,29826
2018-08-31 16:02:42.881547, 102,533,7,91,737187,385,18692,18731,54130,54180
2018-08-31 16:02:42.904426, 103,534,23,90,143855,385,60420,60459,54891,54941
2018-08-31 16:02:42.947929, 112,535,23,91,147833,384,2820,2859,56313,56363
2018-08-31 16:02:42.976053, 109,536,23,90,169295,384,43780,43819,57203,57254
2018-08-31 16:02:43.003762, 107,537,23,91,152708,384,2820,2859,58123,58173
2018-08-31 16:02:43.137697, 108,538,39,88,143783,384,6916,6955,62538,62588
2018-08-31 16:02:45.890896, 102,539,8,92,756152,385,51716,51755,21613,21663
2018-08-31 16:02:45.906841, 103,540,24,91,259704,384,27652,27691,22117,22167
2018-08-31 16:02:45.949815, 112,541,24,92,269957,384,35588,35627,23540,23590
2018-08-31 16:02:45.977557, 109,542,24,91,285032,384,11012,11051,24430,24480
2018-08-31 16:02:46.004739, 107,543,24,92,287411,384,35588,35627,25349,25399
2018-08-31 16:02:46.137759, 108,544,40,89,258860,384,39684,39723,29764,29814
2018-08-31 16:02:48.900161, 102,545,9,93,609846,385,19204,19243,54632,54681
2018-08-31 16:02:48.950388, 112,546,25,93,11789,384,2820,2859,56302,56352
2018-08-31 16:02:48.977036, 109,547,25,92,39274,384,43780,43819,57192,57242
2018-08-31 16:02:49.007351, 107,548,25,93,21967,384,2820,2859,58112,58161
2018-08-31 16:02:49.032878, 103,549,25,92,13782,400,64516,64555,58975,59026
2018-08-31 16:02:49.266369, 108,550,41,90,14970,400,11012,11051,1086,1136
2018-08-31 16:02:51.908387, 102,551,10,94,728303,385,52228,52267,22114,22164
2018-08-31 16:02:51.979875, 109,552,26,93,158633,384,11012,11051,24419,24469
2018-08-31 16:02:52.006899, 107,553,26,94,141687,384,35588,35627,25338,25388
2018-08-31 16:02:52.034323, 103,554,26,93,133098,384,31748,31787,26202,26252
2018-08-31 16:02:52.131245, 112,555,26,94,136533,384,35588,41504,29405,29455
2018-08-31 16:02:52.267470, 108,556,42,91,132552,384,43780,43819,33849,33899
2018-08-31 16:02:54.918505, 102,557,11,95,737182,385,19716,19755,55133,55183
2018-08-31 16:02:54.955046, 112,558,27,95,147918,384,2820,2859,56291,56341
2018-08-31 16:02:54.981470, 109,559,27,94,169118,384,43780,43819,57181,57231
2018-08-31 16:02:55.008579, 107,560,27,95,152614,384,2820,2859,58100,58150
2018-08-31 16:02:55.035300, 103,561,27,94,143748,384,64516,64555,58964,59014
2018-08-31 16:02:55.143425, 108,562,43,92,137630,368,6916,6955,62515,62565
2018-08-31 16:02:57.929151, 102,563,12,96,755723,385,52740,52779,22616,22665
2018-08-31 16:02:57.956185, 112,564,28,96,267981,384,35588,35627,23518,23568
2018-08-31 16:02:57.982091, 109,565,28,95,284481,384,11012,11051,24407,24457
2018-08-31 16:02:58.011906, 107,566,28,96,266614,384,35588,35627,25327,25376
2018-08-31 16:02:58.036209, 103,567,28,95,259315,384,31748,31787,26190,26240
2018-08-31 16:02:58.145445, 108,568,44,93,256362,384,39684,39723,29741,29791
2018-08-31 16:03:00.935803, 102,569,13,97,608433,385,20228,20267,55634,55684
2018-08-31 16:03:00.955722, 112,570,29,97,12034,384,2820,2859,56280,56331
2018-08-31 16:03:00.984440, 109,571,29,96,38841,384,43780,43819,57170,57220
2018-08-31 16:03:01.012320, 107,572,29,97,22061,384,2820,2859,58089,58139
2018-08-31 16:03:01.038842, 103,573,29,96,12228,384,64516,64555,58952,59002
2018-08-31 16:03:01.148216, 108,574,45,94,14887,384,6916,6955,62504,62554
2018-08-31 16:03:03.946521, 102,575,14,98,729507,385,53252,53291,23117,23167
2018-08-31 16:03:03.959282, 112,576,30,98,136323,384,35588,35627,23507,23557
2018-08-31 16:03:03.986303, 109,577,30,97,158113,384,11012,11051,24396,24446
2018-08-31 16:03:04.014245, 107,578,30,98,141790,384,35588,35627,25315,25365
2018-08-31 16:03:04.038565, 103,579,30,97,132980,384,31748,31787,26179,26229
2018-08-31 16:03:04.272798, 108,580,46,95,137607,400,43780,43819,33826,33876
2018-08-31 16:03:06.957170, 102,581,15,99,737527,385,20740,20779,56136,56186
2018-08-31 16:03:06.986198, 109,582,31,98,170853,384,43780,43819,57158,57208
2018-08-31 16:03:07.014099, 107,583,31,99,154519,384,2820,2859,58077,58128
2018-08-31 16:03:07.042045, 103,584,31,98,164419,384,64516,64555,58941,58991
2018-08-31 16:03:07.085379, 112,585,31,99,155850,400,6916,6955,60365,60415
2018-08-31 16:03:07.148842, 108,586,47,96,139759,368,6916,6955,62492,62542
2018-08-31 16:03:09.965525, 102,587,0,100,755442,385,53764,53803,23619,23668
2018-08-31 16:03:09.987247, 109,588,16,99,284833,384,11012,11051,24385,24435
2018-08-31 16:03:10.016377, 107,589,16,100,266789,384,35588,35627,25304,25354
2018-08-31 16:03:10.043436, 103,590,16,99,259480,384,31748,31787,26167,26217
2018-08-31 16:03:10.088460, 112,591,16,100,267799,384,39684,39723,27591,27641
2018-08-31 16:03:10.151791, 108,592,32,97,256659,384,39684,39723,29718,29768
2018-08-31 16:03:12.973940, 102,593,1,101,609783,385,21252,21291,56637,56687
2018-08-31 16:03:12.990573, 109,594,17,100,39166,384,43780,43819,57147,57197
2018-08-31 16:03:13.017272, 107,595,17,101,22179,384,2820,2859,58066,58117
2018-08-31 16:03:13.045081, 103,596,17,100,12354,384,64516,64555,58929,58979
2018-08-31 16:03:13.089195, 112,597,17,101,11876,384,6916,6955,60354,60404
2018-08-31 16:03:13.152966, 108,598,33,98,15000,384,6916,6955,62481,62531
2018-08-31 16:03:15.983431, 102,599,2,102,728946,385,54276,54315,24120,24170
2018-08-31 16:03:16.019695, 107,600,18,102,173901,384,35588,35627,25292,25342
2018-08-31 16:03:16.046017, 103,601,18,101,150733,384,31748,31787,26155,26205
2018-08-31 16:03:16.090227, 112,602,18,102,137355,384,39684,39723,27580,27630
2018-08-31 16:03:16.116568, 109,603,18,101,164893,400,15108,15147,28469,28519
2018-08-31 16:03:16.280741, 108,604,34,99,146119,400,43780,43819,33803,33853
2018-08-31 16:03:18.994061, 102,605,3,103,737954,385,21764,21803,57139,57189
2018-08-31 16:03:19.022548, 107,606,19,103,152517,384,2820,2859,58055,58105
2018-08-31 16:03:19.048240, 103,607,19,102,143649,384,64516,64555,58918,58968
2018-08-31 16:03:19.091482, 112,608,19,103,147948,384,6916,6955,60343,60393
2018-08-31 16:03:19.118612, 109,609,19,102,169052,384,47876,47915,61232,61282
2018-08-31 16:03:19.406482, 108,610,35,100,149741,400,15108,15147,5125,5175
2018-08-31 16:03:22.002808, 102,611,4,104,755017,385,54788,54827,24622,24671
2018-08-31 16:03:22.023211, 107,612,20,104,266917,384,35588,35627,25281,25331
2018-08-31 16:03:22.048312, 103,613,20,103,258830,384,31748,31787,26144,26194
2018-08-31 16:03:22.093436, 112,614,20,104,268204,384,39684,39723,27569,27619
2018-08-31 16:03:22.119712, 109,615,20,103,284649,384,15108,15147,28458,28508
2018-08-31 16:03:22.408352, 108,616,36,101,256767,384,47876,47915,37887,37937
2018-08-31 16:03:25.011721, 102,617,5,105,610051,385,22276,22315,57640,57690
2018-08-31 16:03:28.020924, 102,618,6,106,727453,385,55300,55339,25123,25173
2018-08-31 16:03:31.029924, 102,619,7,107,736448,385,22788,22827,58142,58192
2018-08-31 16:03:34.038595, 102,620,8,108,754627,385,55812,55851,25625,25674
2018-08-31 16:03:37.050270, 102,621,9,109,607932,385,23300,23339,58643,58693
2018-08-31 16:03:40.058945, 102,622,10,110,727515,385,56324,56363,26126,26176
2018-08-31 16:03:43.068479, 102,623,11,111,736448,385,23812,23851,59145,59195
2018-08-31 16:03:46.077378, 102,624,12,112,754362,385,56836,56875,26628,26677
2018-08-31 16:03:49.085340, 102,625,13,113,607987,385,24324,24363,59646,59696
2018-08-31 16:03:52.096418, 102,626,14,114,727515,385,57348,57387,27129,27179
2018-08-31 16:03:55.105534, 102,627,15,115,732940,385,24836,24875,60148,60198
2018-08-31 16:03:58.115290, 102,628,0,116,754120,385,57860,57899,27631,27680
2018-08-31 16:04:01.124160, 102,629,1,117,607999,385,25348,25387,60649,60699
2018-08-31 16:04:04.132701, 102,630,2,118,727301,385,58372,58411,28132,28182
2018-08-31 16:04:07.143971, 102,631,3,119,736166,385,25860,25899,61151,61201
2018-08-31 16:04:10.150897, 102,632,4,120,753920,385,58884,58923,28634,28684
2018-08-31 16:04:13.162890, 102,633,5,121,607991,385,26372,26411,61652,61703
2018-08-31 16:04:16.171469, 102,634,6,122,727413,385,59396,59435,29135,29186
2018-08-31 16:04:19.179623, 102,635,7,123,736088,385,26884,26923,62154,62203
2018-08-31 16:04:22.055202, 107,636,20,105,9233566,7680,35588,35627,25168,25217
2018-08-31 16:04:22.081100, 103,637,20,104,10774665,7680,31748,31787,26028,26078
2018-08-31 16:04:22.123984, 112,638,20,105,10336123,7680,39684,39723,27459,27509
2018-08-31 16:04:22.150992, 109,639,20,104,10065522,7680,15108,15147,28346,28395
2018-08-31 16:04:22.189242, 102,640,8,124,753694,385,59908,59947,29636,29686
2018-08-31 16:04:22.439009, 108,641,36,102,10089138,7680,47876,47915,37772,37822
2018-08-31 16:04:25.197056, 102,642,9,125,608125,385,27396,27435,62655,62705
2018-08-31 16:04:28.208179, 102,643,10,126,727534,385,60420,60459,30138,30188
2018-08-31 16:04:31.217801, 102,644,11,127,736041,385,27908,27947,63157,63206
2018-08-31 16:04:34.225343, 102,645,12,128,753440,385,60932,60971,30639,30689
2018-08-31 16:04:37.236280, 102,646,13,129,608024,385,28420,28459,63658,63708
2018-08-31 16:04:40.245233, 102,647,14,130,727260,385,61444,61483,31141,31191
2018-08-31 16:04:43.255211, 102,648,15,131,735999,385,28932,28971,64160,64209
2018-08-31 16:04:46.263598, 102,649,0,132,753193,385,61956,61995,31642,31692
2018-08-31 16:04:49.273383, 102,650,1,133,607880,385,29444,29483,64661,64711
2018-08-31 16:04:52.283859, 102,651,2,134,727428,385,62468,62507,32144,32194
2018-08-31 16:04:55.291183, 102,652,3,135,736009,385,29956,29995,65163,65212
2018-08-31 16:04:58.300828, 102,653,4,136,752982,385,62980,63019,32645,32695
2018-08-31 16:05:01.310796, 102,654,5,137,608016,385,30468,30507,128,178
2018-08-31 16:05:04.320213, 102,655,6,138,727417,385,63492,63531,33147,33197
2018-08-31 16:05:07.328687, 102,656,7,139,735870,385,30980,31019,630,679
2018-08-31 16:05:10.338255, 102,657,8,140,752790,385,64004,64043,33648,33698
2018-08-31 16:05:13.348680, 102,658,9,141,607993,385,31492,31531,1131,1181
2018-08-31 16:05:16.357337, 102,659,10,142,727133,385,64516,64555,34150,34200
2018-08-31 16:05:19.367158, 102,660,11,143,735864,385,32004,32043,1633,1682
2018-08-31 16:05:22.084481, 107,661,20,106,10802544,7680,35588,35627,25054,25105
2018-08-31 16:05:22.109314, 103,662,20,105,10843305,7680,31748,31787,25913,25962
2018-08-31 16:05:22.154088, 112,663,20,106,10384801,7680,39684,39723,27349,27399
2018-08-31 16:05:22.181327, 109,664,20,105,10553296,7680,15108,15147,28233,28283
2018-08-31 16:05:22.376251, 102,665,12,144,752679,385,65028,65067,34651,34701
2018-08-31 16:05:22.467097, 108,666,36,103,10537590,7680,47876,47915,37658,37708
2018-08-31 16:05:25.385838, 102,667,13,145,607845,385,32516,32555,2134,2184
2018-08-31 16:05:28.394025, 102,668,14,146,727136,385,6,45,35155,35204
2018-08-31 16:05:31.403534, 102,669,15,147,735880,385,33028,33067,2636,2685
2018-08-31 16:05:34.414542, 102,670,0,148,752640,385,516,555,35654,35704
2018-08-31 16:05:37.422443, 102,671,1,149,607876,385,33540,33579,3137,3187
2018-08-31 16:05:40.432194, 102,672,2,150,727081,385,1028,1067,36156,36205
2018-08-31 16:05:43.441889, 102,673,3,151,735769,385,34052,34091,3638,3688
2018-08-31 16:05:46.451559, 102,674,4,152,752636,385,1540,1579,36657,36707
2018-08-31 16:05:49.460421, 102,675,5,153,608062,385,34564,34603,4140,4190
2018-08-31 16:05:52.469736, 102,676,6,154,727422,385,2052,2091,37159,37208
2018-08-31 16:05:55.477965, 102,677,7,155,735801,385,35076,35115,4641,4691
2018-08-31 16:05:58.488290, 102,678,8,156,752644,385,2564,2603,37660,37710
2018-08-31 16:06:01.497388, 102,679,9,157,608039,385,35588,35627,5143,5193
2018-08-31 16:06:04.507100, 102,680,10,158,727325,385,3076,3115,38162,38211
2018-08-31 16:06:07.515101, 102,681,11,159,735786,385,36100,36139,5644,5694
2018-08-31 16:06:10.526843, 102,682,12,160,752602,385,3588,3627,38663,38713
2018-08-31 16:06:13.534282, 102,683,13,161,608130,385,36612,36651,6146,6196
2018-08-31 16:06:16.542672, 102,684,14,162,727285,385,4100,4139,39165,39214
2018-08-31 16:06:19.553886, 102,685,15,163,735929,385,37124,37163,6647,6697
2018-08-31 16:06:22.113793, 107,686,20,107,10797147,7680,35588,35627,24941,24991
2018-08-31 16:06:22.141684, 103,687,20,106,10857554,7680,31748,31787,25797,25847
2018-08-31 16:06:22.184445, 112,688,20,107,10394723,7680,39684,39723,27239,27288
2018-08-31 16:06:22.211138, 109,689,20,106,10571094,7680,15108,15147,28121,28171
2018-08-31 16:06:22.499042, 108,690,36,104,10543726,7680,47876,47915,37544,37594
2018-08-31 16:06:22.563273, 102,691,0,164,752624,385,4612,4651,39666,39716
2018-08-31 16:06:25.572801, 102,692,1,165,607919,385,37636,37675,7149,7199
2018-08-31 16:06:28.582152, 102,693,2,166,727260,385,5124,5163,40168,40217
2018-08-31 16:06:31.590544, 102,694,3,167,735911,385,38148,38187,7650,7700
2018-08-31 16:06:34.600038, 102,695,4,168,752642,385,5636,5675,40669,40720
2018-08-31 16:06:37.609996, 102,696,5,169,607940,385,38660,38699,8152,8202
2018-08-31 16:06:40.618291, 102,697,6,170,727243,385,6148,6187,41171,41221
2018-08-31 16:06:43.628804, 102,698,7,171,735795,385,39172,39211,8653,8703
2018-08-31 16:06:46.638543, 102,699,8,172,752657,385,6660,6699,41672,41722
2018-08-31 16:06:49.645351, 102,700,9,173,607991,385,39684,39723,9155,9205
2018-08-31 16:06:52.655545, 102,701,10,174,727212,385,7172,7211,42174,42223
2018-08-31 16:06:55.665954, 102,702,11,175,736141,385,40196,40235,9656,9706
2018-08-31 16:06:58.675208, 102,703,12,176,752683,385,7684,7723,42675,42725
2018-08-31 16:07:01.683525, 102,704,13,177,608046,385,40708,40747,10158,10208
2018-08-31 16:07:04.693977, 102,705,14,178,727352,385,8196,8235,43177,43226
2018-08-31 16:07:07.703989, 102,706,15,179,735733,385,41220,41259,10659,10709
2018-08-31 16:07:10.711531, 102,707,0,180,752729,385,8708,8747,43678,43728
2018-08-31 16:07:13.720610, 102,708,1,181,607862,385,41732,41771,11161,11211
2018-08-31 16:07:16.729242, 102,709,2,182,727462,385,9220,9259,44180,44229
2018-08-31 16:07:19.740313, 102,710,3,183,735907,385,42244,42283,11662,11712
2018-08-31 16:07:22.142047, 107,711,20,108,10809841,7680,35588,35627,24828,24878
2018-08-31 16:07:22.171417, 103,712,20,107,10844862,7680,31748,31787,25682,25732
2018-08-31 16:07:22.215750, 112,713,20,108,10390565,7680,39684,39723,27128,27178
2018-08-31 16:07:22.241705, 109,714,20,107,10562275,7680,15108,15147,28008,28058
2018-08-31 16:07:22.529805, 108,715,36,105,10554041,7680,47876,47915,37430,37480
2018-08-31 16:07:22.750204, 102,716,4,184,752783,385,9732,9771,44681,44731
2018-08-31 16:07:25.758385, 102,717,5,185,608063,385,42756,42795,12164,12214
2018-08-31 16:07:28.768686, 102,718,6,186,727176,385,10244,10283,45183,45232
2018-08-31 16:07:31.776656, 102,719,7,187,735837,385,43268,43307,12665,12715
2018-08-31 16:07:34.787102, 102,720,8,188,752887,385,10756,10795,45684,45734
2018-08-31 16:07:37.797625, 102,721,9,189,607901,385,43780,43819,13167,13217
2018-08-31 16:07:40.804018, 102,722,10,190,727427,385,11268,11307,46186,46235
2018-08-31 16:07:43.815824, 102,723,11,191,736065,385,44292,44331,13669,13718
2018-08-31 16:07:46.824823, 102,724,12,192,753014,385,11780,11819,46687,46737
2018-08-31 16:07:49.833128, 102,725,13,193,607900,385,44804,44843,14170,14220
2018-08-31 16:07:52.842426, 102,726,14,194,727184,385,12292,12331,47189,47238
2018-08-31 16:07:55.852418, 102,727,15,195,736035,385,45316,45355,14672,14721
2018-08-31 16:07:58.862919, 102,728,0,196,753173,385,12804,12843,47690,47740
2018-08-31 16:08:01.869546, 102,729,1,197,607837,385,45828,45867,15173,15223
2018-08-31 16:08:04.880424, 102,730,2,198,727473,385,13316,13355,48192,48242
2018-08-31 16:08:07.889154, 102,731,3,199,736052,385,46340,46379,15675,15724
2018-08-31 16:08:10.899068, 102,732,4,200,753332,385,13828,13867,48693,48743
