2018-08-31 16:24:28.527877, make -k -j 20 z1-reset-sequence
2018-08-31 16:24:28.602951, make[1]: Entering directory `/home/user/contiki-master/examples/ipv6/multicast/simulations-bmrf-simple-contikiMAC-real'
2018-08-31 16:24:28.603049, ../../../../tools/zolertia/z1-bsl-nopic --z1 -c /dev/ttyUSB0 -r
2018-08-31 16:24:29.457880, Done
2018-08-31 16:24:29.458188, make[1]: Leaving directory `/home/user/contiki-master/examples/ipv6/multicast/simulations-bmrf-simple-contikiMAC-real'
2018-08-31 16:24:29.465449, ../../../../tools/sky/serialdump-linux -b115200 /dev/ttyUSB0
2018-08-31 16:24:30.109716, Rime started with address 100.0
2018-08-31 16:24:30.117188, MAC 64:00:00:00:00:00:00:00 Contiki 2.6 started. Node id is set to 100.
2018-08-31 16:24:30.128953, CSMA nullrdc, channel check rate 128 Hz, radio channel 16
2018-08-31 16:24:30.129045, Starting 'receiving messages from white motes'
2018-08-31 16:24:34.296212, 109,1,20,1,3308,8,28420,28461,31445,31496
2018-08-31 16:24:37.024760, 102,2,11,1,4484,9,28676,28717,55299,55349
2018-08-31 16:24:37.198307, 112,3,20,1,20127,40,37128,37195,60945,60995
2018-08-31 16:25:34.326358, 109,4,20,2,515531,7680,28420,28459,31330,31380
2018-08-31 16:25:37.056128, 102,5,11,2,15004358,7680,28676,28715,55193,55242
2018-08-31 16:25:37.229802, 112,6,20,2,320634,7680,37128,37192,60833,60883
2018-08-31 16:25:42.551513, 108,7,20,1,473519,7680,26372,26413,38503,38553
2018-08-31 16:25:44.414059, 107,8,20,1,584191,7680,26372,26413,33987,34037
2018-08-31 16:25:46.587710, 103,9,20,1,362404,7680,26372,26412,39716,39766
2018-08-31 16:26:34.357182, 109,10,20,3,445780,7680,28420,28459,31217,31266
2018-08-31 16:26:37.087285, 102,11,11,3,14981074,7680,28676,28715,55087,55137
2018-08-31 16:26:37.259427, 112,12,20,3,234388,7680,37128,37192,60723,60773
2018-08-31 16:26:42.581505, 108,13,20,2,291114,7680,26372,26411,38387,38437
2018-08-31 16:26:44.444871, 107,14,20,2,479673,7680,26372,26411,33872,33922
2018-08-31 16:26:46.619937, 103,15,20,2,216272,7680,26372,26411,39598,39648
2018-08-31 16:27:34.386713, 109,16,20,4,400699,7680,28420,28459,31103,31152
2018-08-31 16:27:37.119542, 102,17,11,4,14950705,7680,28676,28715,54981,55031
2018-08-31 16:27:37.131454, 102,18,0,5,3896,2,29188,29227,55493,55543
2018-08-31 16:27:37.174402, 103,19,16,3,179172,6468,43780,43819,56908,56958
2018-08-31 16:27:37.233362, 109,20,16,5,18723,364,56068,56107,58745,58795
2018-08-31 16:27:37.251399, 107,21,16,3,386686,6756,51972,52011,59372,59422
2018-08-31 16:27:37.258370, 112,22,16,4,191780,7676,36104,36168,59589,59639
2018-08-31 16:27:37.266163, 108,23,16,3,252431,6996,47876,47915,59787,59853
2018-08-31 16:27:40.141947, 102,24,1,6,608274,385,62212,62251,22976,23025
2018-08-31 16:27:40.175326, 103,25,17,4,9562,384,11012,11051,24134,24184
2018-08-31 16:27:40.234788, 109,26,17,6,20117,384,23300,23339,25972,26021
2018-08-31 16:27:40.252002, 107,27,17,4,22759,384,19204,19243,26598,26648
2018-08-31 16:27:40.258068, 112,28,17,5,10135,384,3336,3400,26816,26865
2018-08-31 16:27:40.265887, 108,29,17,4,13611,384,15108,15147,27013,27063
2018-08-31 16:27:43.149703, 102,30,2,7,726276,385,29700,29739,55994,56044
2018-08-31 16:27:43.179274, 103,31,18,5,130262,384,43780,43819,56896,56946
2018-08-31 16:27:43.235654, 109,32,18,7,139989,384,56070,56109,58736,58786
2018-08-31 16:27:43.254854, 107,33,18,5,142470,384,51972,52011,59361,59411
2018-08-31 16:27:43.260822, 112,34,18,6,135828,384,36104,36168,59578,59628
2018-08-31 16:27:43.268713, 108,35,18,5,131987,384,47876,47915,59775,59838
2018-08-31 16:27:46.164263, 102,36,3,8,734544,385,62724,62763,23477,23527
2018-08-31 16:27:46.188347, 103,37,19,6,141687,385,11268,11307,24378,24428
2018-08-31 16:27:46.237251, 109,38,19,8,150638,384,23300,23339,25960,26010
2018-08-31 16:27:46.255580, 107,39,19,6,153328,384,19204,19243,26587,26638
2018-08-31 16:27:46.261611, 112,40,19,7,147134,384,3336,3400,26805,26854
2018-08-31 16:27:46.268542, 108,41,19,6,143309,384,15108,15147,27002,27055
2018-08-31 16:27:49.170634, 102,42,4,9,748510,385,30212,30251,56496,56545
2018-08-31 16:27:49.181426, 103,43,20,7,255098,383,43780,43819,56884,56934
2018-08-31 16:27:49.238669, 109,44,20,9,265831,384,56068,56107,58723,58772
2018-08-31 16:27:49.256872, 107,45,20,7,267696,384,51972,52011,59349,59400
2018-08-31 16:27:49.263836, 112,46,20,8,266342,384,36104,36168,59567,59617
2018-08-31 16:27:49.271581, 108,47,20,7,257151,384,47876,47915,59764,59826
2018-08-31 16:27:52.180045, 102,48,5,10,608490,385,63236,63275,23978,24028
2018-08-31 16:27:52.241083, 109,49,21,10,20418,384,23300,23339,25949,25999
2018-08-31 16:27:52.259118, 107,50,21,8,23280,384,19204,19243,26575,26626
2018-08-31 16:27:52.264141, 112,51,21,9,11152,384,3336,3400,26794,26843
2018-08-31 16:27:52.272999, 108,52,21,8,14319,384,15108,15147,26990,27040
2018-08-31 16:27:52.316834, 103,53,21,8,12155,401,15364,15403,28462,28512
2018-08-31 16:27:55.189294, 102,54,6,11,726271,385,30724,30763,56997,57047
2018-08-31 16:27:55.241780, 109,55,22,11,139626,384,56068,56107,58711,58761
2018-08-31 16:27:55.259787, 107,56,22,9,142059,384,51972,52011,59338,59388
2018-08-31 16:27:55.267636, 112,57,22,10,135977,384,36104,36168,59556,59606
2018-08-31 16:27:55.273476, 108,58,22,9,132175,384,47876,47915,59753,59820
2018-08-31 16:27:55.310945, 103,59,22,9,129673,383,47876,47915,60969,61018
2018-08-31 16:27:58.197858, 102,60,7,12,734419,385,63748,63787,24480,24529
2018-08-31 16:27:58.242276, 109,61,23,12,150570,384,23300,23339,25938,25987
2018-08-31 16:27:58.262458, 107,62,23,10,153021,384,19204,19243,26564,26614
2018-08-31 16:27:58.267433, 112,63,23,11,147391,384,3336,3400,26783,26832
2018-08-31 16:27:58.275432, 108,64,23,10,143415,384,15108,15147,26979,27038
2018-08-31 16:27:58.313254, 103,65,23,10,140394,384,15108,15147,28195,28245
2018-08-31 16:28:01.206949, 102,66,8,13,748303,385,31236,31275,57498,57548
2018-08-31 16:28:01.244761, 109,67,24,13,266632,384,56068,56107,58700,58750
2018-08-31 16:28:01.263431, 107,68,24,11,268891,384,51972,52011,59326,59376
2018-08-31 16:28:01.271259, 112,69,24,12,267848,384,36104,36168,59545,59595
2018-08-31 16:28:01.276265, 108,70,24,11,258326,384,47876,47915,59741,59809
2018-08-31 16:28:01.321762, 103,71,24,11,278013,385,48132,48171,61213,61263
2018-08-31 16:28:04.217424, 102,72,9,14,608662,385,64260,64299,24981,25031
2018-08-31 16:28:04.246525, 109,73,25,14,20539,384,23300,23339,25926,25976
2018-08-31 16:28:04.265321, 107,74,25,12,23331,384,19204,19243,26553,26603
2018-08-31 16:28:04.270343, 112,75,25,13,11610,384,3336,3400,26771,26821
2018-08-31 16:28:04.279169, 108,76,25,12,14501,384,15108,15147,26967,27019
2018-08-31 16:28:04.313343, 103,77,25,12,9959,383,15108,15147,28183,28233
2018-08-31 16:28:07.226751, 102,78,10,15,726333,385,31748,31787,58000,58049
2018-08-31 16:28:07.248501, 109,79,26,15,141162,384,56068,56107,58688,58738
2018-08-31 16:28:07.265647, 107,80,26,13,142242,384,51972,52011,59315,59365
2018-08-31 16:28:07.272633, 112,81,26,14,136203,384,36104,36168,59534,59584
2018-08-31 16:28:07.280624, 108,82,26,13,136314,384,47876,47915,59730,59798
2018-08-31 16:28:07.316145, 103,83,26,13,129948,384,47876,47915,60945,60995
2018-08-31 16:28:10.234599, 102,84,11,16,734290,385,64772,64811,25482,25532
2018-08-31 16:28:10.250387, 109,85,27,16,150510,384,23300,23339,25915,25964
2018-08-31 16:28:10.268407, 107,86,27,14,153144,384,19204,19243,26541,26591
2018-08-31 16:28:10.274232, 112,87,27,15,147657,384,3336,3400,26760,26810
2018-08-31 16:28:10.282075, 108,88,27,14,143421,384,15108,15147,26956,27016
2018-08-31 16:28:10.319237, 103,89,27,14,140146,384,15108,15147,28171,28221
2018-08-31 16:28:13.245437, 102,90,12,17,747939,385,32260,32299,58501,58551
2018-08-31 16:28:13.269130, 107,91,28,15,268661,384,51972,52011,59304,59354
2018-08-31 16:28:13.276975, 112,92,28,16,271508,384,36104,36168,59523,59573
2018-08-31 16:28:13.281937, 108,93,28,15,258318,384,47876,47915,59718,59786
2018-08-31 16:28:13.319083, 103,94,28,15,257785,384,47876,47915,60934,60984
2018-08-31 16:28:13.375267, 109,95,28,17,278929,400,60164,60203,62773,62823
2018-08-31 16:28:16.253310, 102,96,13,18,609086,385,65284,65323,25984,26033
2018-08-31 16:28:16.270879, 107,97,29,16,27311,384,19204,19243,26530,26580
2018-08-31 16:28:16.276075, 112,98,29,17,11840,384,3336,3400,26749,26799
2018-08-31 16:28:16.283869, 108,99,29,16,18080,384,15108,15147,26944,26997
2018-08-31 16:28:16.321026, 103,100,29,16,14599,384,15108,15147,28160,28210
2018-08-31 16:28:16.377080, 109,101,29,18,24291,384,27396,27435,29999,30049
2018-08-31 16:28:19.264488, 102,102,14,19,726271,385,32773,32813,59004,59053
2018-08-31 16:28:19.278771, 112,103,30,18,136172,384,36104,36168,59512,59562
2018-08-31 16:28:19.284802, 108,104,30,17,132051,384,47876,47915,59707,59780
2018-08-31 16:28:19.321652, 103,105,30,17,129777,384,47876,47915,60922,60972
2018-08-31 16:28:19.378308, 109,106,30,19,139928,384,60164,60203,62761,62811
2018-08-31 16:28:19.397296, 107,107,30,17,148038,400,56068,56107,63388,63438
2018-08-31 16:28:22.273490, 102,108,15,20,734163,385,260,299,26485,26535
2018-08-31 16:28:22.287540, 108,109,31,18,143396,384,15108,15147,26933,26983
2018-08-31 16:28:22.325129, 103,110,31,18,140409,384,15108,15147,28148,28198
2018-08-31 16:28:22.379605, 109,111,31,20,150514,384,27401,27440,29993,30043
2018-08-31 16:28:22.399297, 107,112,31,18,153083,384,23300,23339,30614,30664
2018-08-31 16:28:22.407270, 112,113,31,19,154347,400,7432,7496,30834,30884
2018-08-31 16:28:25.283756, 102,114,0,21,747896,385,33284,33323,59504,59553
2018-08-31 16:28:25.333941, 103,115,16,19,256505,385,48132,48171,61166,61216
2018-08-31 16:28:25.380416, 109,116,16,21,265521,384,60164,60203,62750,62800
2018-08-31 16:28:25.401468, 107,117,16,19,267848,384,56068,56107,63377,63427
2018-08-31 16:28:25.406496, 112,118,16,20,266724,384,40200,40264,63597,63646
2018-08-31 16:28:25.413367, 108,119,16,19,268861,400,51972,52011,63791,63864
2018-08-31 16:28:28.290144, 102,120,1,22,609336,385,772,811,26986,27036
2018-08-31 16:28:28.327358, 103,121,17,20,10196,383,15108,15147,28136,28186
2018-08-31 16:28:28.384289, 109,122,17,22,20717,384,27396,27435,29976,30026
2018-08-31 16:28:28.402077, 107,123,17,20,43746,384,23300,23339,30603,30653
2018-08-31 16:28:28.409006, 112,124,17,21,13787,384,7432,7496,30823,30873
2018-08-31 16:28:28.413961, 108,125,17,20,16175,384,19204,19243,31017,31077
2018-08-31 16:28:31.301999, 102,126,2,23,726042,385,33796,33835,60005,60055
2018-08-31 16:28:31.329403, 103,127,18,21,130143,384,47876,47915,60899,60948
2018-08-31 16:28:31.404694, 107,128,18,21,142343,384,56068,56107,63365,63415
2018-08-31 16:28:31.410543, 112,129,18,22,136353,384,40200,40264,63586,63635
2018-08-31 16:28:31.418441, 108,130,18,21,132250,384,51972,52011,63779,63852
2018-08-31 16:28:34.310642, 102,131,3,24,734289,385,1284,1323,27488,27537
2018-08-31 16:28:34.330261, 103,132,19,22,140366,384,15108,15147,28125,28176
2018-08-31 16:28:34.386975, 109,133,19,23,278829,768,27396,27435,29965,30015
2018-08-31 16:28:34.405549, 107,134,19,22,152995,384,23300,23339,30592,30642
2018-08-31 16:28:34.413407, 112,135,19,23,147777,384,7432,7496,30812,30861
2018-08-31 16:28:34.419281, 108,136,19,22,143191,384,19204,19243,31006,31072
2018-08-31 16:28:37.320430, 102,137,4,25,747668,385,34308,34347,60506,60556
2018-08-31 16:28:37.332186, 103,138,20,23,275882,384,47876,47915,60887,60938
2018-08-31 16:28:37.387919, 109,139,20,24,267609,384,60164,60203,62727,62777
2018-08-31 16:28:37.407480, 107,140,20,23,269366,384,56068,56107,63354,63404
2018-08-31 16:28:37.413369, 112,141,20,24,268063,384,40200,40264,63575,63624
2018-08-31 16:28:37.421195, 108,142,20,23,258918,384,51972,52011,63768,63841
2018-08-31 16:28:40.329459, 102,143,5,26,609154,385,1796,1835,27989,28039
2018-08-31 16:28:40.389152, 109,144,21,25,40767,384,27396,27435,29953,30003
2018-08-31 16:28:40.408701, 107,145,21,24,23322,384,23300,23339,30580,30630
2018-08-31 16:28:40.414548, 112,146,21,25,11964,384,7432,7496,30801,30851
2018-08-31 16:28:40.422378, 108,147,21,24,16029,384,19204,19243,30994,31054
2018-08-31 16:28:43.338762, 102,148,6,27,726104,385,34820,34859,61008,61057
2018-08-31 16:28:43.391595, 109,149,22,26,139662,384,60164,60203,62716,62765
2018-08-31 16:28:43.410216, 107,150,22,25,142150,384,56068,56107,63342,63392
2018-08-31 16:28:43.423877, 108,151,22,25,131931,384,51972,52011,63757,63806
2018-08-31 16:28:43.461977, 103,152,22,24,21898,784,51972,52011,64971,65021
2018-08-31 16:28:46.347931, 102,153,7,28,734114,385,2308,2347,28490,28540
2018-08-31 16:28:46.392921, 109,154,23,27,150417,384,27396,27435,29942,29992
2018-08-31 16:28:46.411525, 107,155,23,26,152937,384,23300,23339,30569,30619
2018-08-31 16:28:46.419341, 112,156,23,26,272047,768,7432,7496,30790,30839
2018-08-31 16:28:46.425196, 108,157,23,26,143250,384,19204,19243,30983,31049
2018-08-31 16:28:46.461420, 103,158,23,25,140167,384,19209,19248,32202,32252
2018-08-31 16:28:49.357651, 102,159,8,29,747405,385,35332,35371,61509,61559
2018-08-31 16:28:49.393930, 109,160,24,28,265211,384,60164,60203,62704,62754
2018-08-31 16:28:49.413405, 107,161,24,27,267626,384,56068,56107,63331,63381
2018-08-31 16:28:49.421281, 112,162,24,27,266990,384,40200,40264,63552,63603
2018-08-31 16:28:49.427178, 108,163,24,27,257294,384,51972,52011,63745,63821
2018-08-31 16:28:49.471187, 103,164,24,26,256585,385,52228,52267,65215,65265
2018-08-31 16:28:52.367065, 102,165,9,30,608866,385,2820,2859,28992,29041
2018-08-31 16:28:52.395443, 109,166,25,29,20539,384,27396,27435,29931,29980
2018-08-31 16:28:52.414976, 107,167,25,28,23341,384,23300,23339,30557,30607
2018-08-31 16:28:52.420866, 112,168,25,28,11981,384,7432,7496,30779,30829
2018-08-31 16:28:52.464876, 103,169,25,27,10093,383,19204,19243,32186,32235
2018-08-31 16:28:55.376290, 102,170,10,31,723933,385,35844,35883,62010,62060
2018-08-31 16:28:55.396811, 109,171,26,30,143153,384,60163,60202,62692,62742
2018-08-31 16:28:55.416380, 107,172,26,29,334993,384,56068,56107,63320,63370
2018-08-31 16:28:55.424275, 112,173,26,29,147103,384,40200,40264,63541,63592
2018-08-31 16:28:55.430104, 108,174,26,28,56645,768,51972,52011,63734,63810
2018-08-31 16:28:55.474139, 103,175,26,28,132588,385,52228,52267,65204,65254
2018-08-31 16:28:58.385935, 102,176,11,32,734905,385,3332,3371,29493,29543
2018-08-31 16:28:58.399593, 109,177,27,31,150355,384,27396,27435,29919,29969
2018-08-31 16:28:58.417216, 107,178,27,30,155874,384,23300,23339,30546,30596
2018-08-31 16:28:58.425041, 112,179,27,30,167948,384,7432,7496,30768,30818
2018-08-31 16:28:58.430908, 108,180,27,29,144551,384,19204,19243,30960,31027
2018-08-31 16:28:58.467065, 103,181,27,29,139900,383,19204,19243,32174,32224
2018-08-31 16:29:01.394715, 102,182,12,33,747146,385,36356,36395,62512,62561
2018-08-31 16:29:01.419140, 107,183,28,31,267372,384,56068,56107,63308,63358
2018-08-31 16:29:01.427010, 112,184,28,31,266539,384,40200,40264,63530,63580
2018-08-31 16:29:01.432816, 108,185,28,30,257081,384,51972,52011,63722,63799
2018-08-31 16:29:01.469024, 103,186,28,30,255619,384,51972,52011,64936,64986
2018-08-31 16:29:01.525773, 109,187,28,32,277495,400,64260,64299,1241,1292
2018-08-31 16:29:04.403908, 102,188,13,34,607867,385,3844,3883,29994,30044
2018-08-31 16:29:04.776554, 109,189,29,33,23380,416,39684,39723,42195,42246
2018-08-31 16:29:04.797093, 107,190,29,32,32237,432,35588,35627,42822,42872
2018-08-31 16:29:04.802996, 112,191,29,32,139318,432,19720,19784,43044,43094
2018-08-31 16:29:04.810677, 108,192,29,31,22091,432,31492,31531,43236,43312
2018-08-31 16:29:04.846977, 103,193,29,31,17992,432,31492,31531,44449,44499
2018-08-31 16:29:07.413977, 102,194,14,35,725909,385,36868,36907,63013,63063
2018-08-31 16:29:07.429694, 112,195,30,33,119470,336,40200,40264,63519,63569
2018-08-31 16:29:07.435469, 108,196,30,32,115328,336,51972,52011,63711,63787
2018-08-31 16:29:07.470601, 103,197,30,32,113742,336,51972,52011,64924,64974
2018-08-31 16:29:07.529044, 109,198,30,34,128172,352,64260,64299,1230,1279
2018-08-31 16:29:07.547792, 107,199,30,33,130226,352,60164,60203,1857,1907
2018-08-31 16:29:10.421566, 102,200,15,36,733886,385,4356,4395,30496,30545
2018-08-31 16:29:10.437197, 108,201,31,33,143469,384,19204,19243,30937,30988
2018-08-31 16:29:10.474192, 103,202,31,33,140385,384,19204,19243,32151,32201
2018-08-31 16:29:10.529968, 109,203,31,35,150123,384,31492,31531,33992,34042
2018-08-31 16:29:10.549545, 107,204,31,34,152973,384,27396,27435,34619,34669
2018-08-31 16:29:10.555398, 112,205,31,34,154484,400,11528,11592,34842,34892
2018-08-31 16:29:13.432868, 102,206,0,37,746924,385,37380,37419,63514,63564
2018-08-31 16:29:13.474939, 103,207,16,34,255240,384,51972,52011,64913,64963
2018-08-31 16:29:13.531770, 109,208,16,36,265091,384,64260,64299,1218,1268
2018-08-31 16:29:13.550385, 107,209,16,35,267680,384,60164,60203,1846,1895
2018-08-31 16:29:13.558200, 112,210,16,35,266870,384,44296,44360,2068,2118
2018-08-31 16:29:13.564119, 108,211,16,34,268919,400,56068,56107,2259,2327
2018-08-31 16:29:16.440762, 102,212,1,38,608693,385,4868,4907,30997,31047
2018-08-31 16:29:16.476879, 103,213,17,35,10492,384,19204,19243,32139,32189
2018-08-31 16:29:16.532644, 109,214,17,37,20681,384,31492,31531,33981,34030
2018-08-31 16:29:16.552183, 107,215,17,36,23468,384,27396,27435,34608,34658
2018-08-31 16:29:16.558169, 112,216,17,36,12213,384,11528,11592,34831,34881
2018-08-31 16:29:16.566055, 108,217,17,35,14721,384,23300,23339,35021,35091
2018-08-31 16:29:19.450138, 102,218,2,39,725843,385,37892,37931,64016,64065
2018-08-31 16:29:19.478593, 103,219,18,36,130140,384,51972,52011,64901,64951
2018-08-31 16:29:19.534447, 109,220,18,38,139340,384,64260,64299,1207,1257
2018-08-31 16:29:19.553658, 107,221,18,37,142190,384,60164,60203,1834,1884
2018-08-31 16:29:19.560583, 112,222,18,37,136307,384,44296,44360,2057,2107
2018-08-31 16:29:19.565585, 108,223,18,36,132019,384,56068,56107,2248,2317
2018-08-31 16:29:22.462080, 102,224,3,40,733816,385,5380,5419,31498,31548
2018-08-31 16:29:22.486259, 103,225,19,37,141638,385,19460,19499,32383,32433
2018-08-31 16:29:22.535195, 109,226,19,39,150155,384,31492,31531,33969,34019
2018-08-31 16:29:22.554909, 107,227,19,38,152853,384,27396,27435,34597,34646
2018-08-31 16:29:22.562774, 112,228,19,38,147319,384,11528,11592,34820,34870
2018-08-31 16:29:25.470443, 102,229,4,41,746698,385,38404,38443,64517,64567
2018-08-31 16:29:25.480758, 103,230,20,38,254718,383,51972,52011,64889,64939
2018-08-31 16:29:25.537622, 109,231,20,40,265606,384,64260,64299,1195,1245
2018-08-31 16:29:25.556606, 107,232,20,39,267293,384,60164,60203,1823,1873
2018-08-31 16:29:25.562658, 112,233,20,39,266374,384,44296,44360,2046,2096
2018-08-31 16:29:25.570487, 108,234,20,37,285509,768,56068,56107,2236,2305
2018-08-31 16:29:28.479179, 102,235,5,42,608817,385,5892,5931,32000,32049
2018-08-31 16:29:28.538445, 109,236,21,41,20687,384,31492,31531,33958,34007
2018-08-31 16:29:28.557529, 107,237,21,40,23261,384,27396,27435,34585,34635
2018-08-31 16:29:28.564495, 112,238,21,40,11989,384,11528,11592,34809,34859
2018-08-31 16:29:28.572317, 108,239,21,38,14220,384,23300,23339,34999,35069
2018-08-31 16:29:28.615808, 103,240,21,39,12607,401,23556,23595,36467,36517
2018-08-31 16:29:31.488768, 102,241,6,43,725891,385,38916,38955,65018,65068
2018-08-31 16:29:31.539349, 109,242,22,42,139597,384,64260,64299,1184,1234
2018-08-31 16:29:31.559238, 107,243,22,41,141969,384,60164,60203,1812,1861
2018-08-31 16:29:31.564427, 112,244,22,41,136114,384,44296,44360,2035,2085
2018-08-31 16:29:31.570452, 108,245,22,39,131979,384,56068,56107,2225,2293
2018-08-31 16:29:31.607173, 103,246,22,40,129776,383,56068,56107,3438,3487
2018-08-31 16:29:34.497931, 102,247,7,44,733750,385,6404,6443,32501,32551
2018-08-31 16:29:34.541428, 109,248,23,43,150368,384,31492,31531,33946,33996
2018-08-31 16:29:34.560320, 107,249,23,42,152851,384,27396,27435,34574,34624
2018-08-31 16:29:34.567460, 112,250,23,42,147483,384,11528,11592,34798,34848
2018-08-31 16:29:34.575224, 108,251,23,40,143115,384,23300,23339,34987,35065
2018-08-31 16:29:34.617191, 103,252,23,41,141501,385,23556,23595,36456,36506
2018-08-31 16:29:37.505010, 102,253,8,45,746523,385,39428,39467,65520,33
2018-08-31 16:29:37.545906, 109,254,24,44,265181,384,64260,64299,1173,1222
2018-08-31 16:29:37.561748, 107,255,24,43,267489,384,60164,60203,1800,1850
2018-08-31 16:29:37.568907, 112,256,24,43,266925,384,44296,44360,2024,2074
2018-08-31 16:29:37.574886, 108,257,24,41,257368,384,56068,56107,2213,2282
2018-08-31 16:29:37.618410, 103,258,24,42,255716,384,56324,56363,3682,3732
2018-08-31 16:29:40.516645, 102,259,9,46,608736,385,6916,6955,33002,33052
2018-08-31 16:29:40.543740, 109,260,25,45,20536,384,31492,31531,33935,33985
2018-08-31 16:29:40.563491, 107,261,25,44,23397,384,27396,27435,34562,34612
2018-08-31 16:29:40.571495, 112,262,25,44,11934,384,11528,11592,34787,34837
2018-08-31 16:29:40.577317, 108,263,25,42,14702,384,23300,23339,34976,35047
2018-08-31 16:29:40.613588, 103,264,25,43,10357,383,23300,23339,36188,36238
2018-08-31 16:29:43.525980, 102,265,10,47,725689,385,39940,39979,485,535
2018-08-31 16:29:43.544771, 109,266,26,46,139702,384,64260,64299,1161,1210
2018-08-31 16:29:43.565531, 107,267,26,45,142096,384,60164,60203,1789,1839
2018-08-31 16:29:43.572427, 112,268,26,45,136066,384,44296,44360,2013,2064
2018-08-31 16:29:43.578345, 108,269,26,43,131882,384,56068,56107,2202,2273
2018-08-31 16:29:43.622590, 103,270,26,44,130838,385,56324,56363,3670,3720
2018-08-31 16:29:46.533862, 102,271,11,48,733556,385,7428,7467,33504,33553
2018-08-31 16:29:46.547716, 109,272,27,47,150400,384,31492,31531,33923,33973
2018-08-31 16:29:46.565614, 107,273,27,46,152929,384,27396,27435,34551,34601
2018-08-31 16:29:46.574514, 112,274,27,46,147508,384,11528,11592,34776,34826
2018-08-31 16:29:46.578513, 108,275,27,44,143295,384,23300,23339,34964,35044
2018-08-31 16:29:46.622396, 103,276,27,45,141214,384,23556,23595,36432,36482
2018-08-31 16:29:49.544360, 102,277,12,49,746355,385,40452,40491,986,1037
2018-08-31 16:29:49.568432, 107,278,28,47,267292,384,60164,60203,1777,1827
2018-08-31 16:29:49.574528, 112,279,28,47,266480,384,44296,44360,2002,2053
2018-08-31 16:29:49.582306, 108,280,28,45,257055,384,56068,56107,2191,2262
2018-08-31 16:29:49.618134, 103,281,28,46,254862,383,56068,56107,3403,3452
2018-08-31 16:29:49.674151, 109,282,28,48,277364,400,2820,2859,5245,5295
2018-08-31 16:29:52.553666, 102,283,13,50,608663,385,7940,7979,34005,34056
2018-08-31 16:29:52.570298, 107,284,29,48,23371,384,27396,27435,34540,34590
2018-08-31 16:29:52.574401, 112,285,29,48,11754,384,11528,11592,34765,34814
2018-08-31 16:29:52.583286, 108,286,29,46,15892,384,23300,23339,34953,35026
2018-08-31 16:29:52.625867, 103,287,29,47,11599,385,23556,23595,36421,36471
2018-08-31 16:29:52.675386, 109,288,29,49,24191,384,35588,35627,38008,38057
2018-08-31 16:29:55.563475, 102,289,14,51,725548,385,40964,41003,1488,1538
2018-08-31 16:29:55.577382, 112,290,30,49,136191,384,44296,44360,1991,2041
2018-08-31 16:29:55.584017, 108,291,30,47,131978,384,56068,56107,2179,2250
2018-08-31 16:29:55.678385, 109,292,30,50,139701,384,2820,2859,5234,5284
2018-08-31 16:29:55.696874, 107,293,30,49,147931,400,64260,64299,5862,5912
2018-08-31 16:29:58.572367, 102,294,15,52,733683,385,8452,8491,34506,34556
2018-08-31 16:29:58.586015, 108,295,31,48,143336,384,23300,23339,34941,34991
2018-08-31 16:29:58.623519, 103,296,31,48,259256,767,23300,23339,36153,36203
2018-08-31 16:29:58.680236, 109,297,31,51,150461,384,35594,35633,38002,38052
2018-08-31 16:29:58.698152, 107,298,31,50,152888,384,31492,31531,38624,38674
2018-08-31 16:29:58.704122, 112,299,31,50,154548,400,15624,15688,38849,38899
2018-08-31 16:30:01.581778, 102,300,0,53,746262,385,41476,41515,1989,2039
2018-08-31 16:30:01.631980, 103,301,16,49,256203,385,56324,56363,3635,3685
2018-08-31 16:30:01.680868, 109,302,16,52,265259,384,2820,2859,5223,5272
2018-08-31 16:30:01.699185, 107,303,16,51,267609,384,64260,64299,5850,5901
2018-08-31 16:30:01.707053, 112,304,16,51,266913,384,48392,48456,6076,6126
2018-08-31 16:30:01.712920, 108,305,16,49,268970,400,60164,60203,6263,6335
2018-08-31 16:30:04.590636, 102,306,1,54,608763,385,8964,9003,35008,35057
2018-08-31 16:30:04.624425, 103,307,17,50,10252,383,23300,23339,36141,36191
2018-08-31 16:30:04.681946, 109,308,17,53,20692,384,35588,35627,37985,38035
2018-08-31 16:30:04.701419, 107,309,17,52,23534,384,31492,31531,38613,38663
2018-08-31 16:30:04.707525, 112,310,17,52,12032,384,15624,15688,38838,38888
2018-08-31 16:30:04.715318, 108,311,17,50,14720,384,27396,27435,39026,39099
2018-08-31 16:30:07.599620, 102,312,2,55,725811,385,41988,42027,2490,2540
2018-08-31 16:30:07.626856, 103,313,18,51,130112,384,56068,56107,3368,3418
2018-08-31 16:30:07.684039, 109,314,18,54,139375,384,2820,2859,5211,5261
2018-08-31 16:30:07.703718, 107,315,18,53,142241,384,64260,64299,5839,5890
2018-08-31 16:30:07.709359, 112,316,18,53,136098,384,48392,48456,6065,6115
2018-08-31 16:30:07.715377, 108,317,18,51,131910,384,60164,60203,6252,6323
2018-08-31 16:30:10.610405, 102,318,3,56,733574,385,9476,9515,35509,35559
2018-08-31 16:30:10.636354, 103,319,19,52,141703,385,23556,23595,36386,36436
2018-08-31 16:30:10.685956, 109,320,19,55,150167,384,35588,35627,37973,38023
2018-08-31 16:30:10.702992, 107,321,19,54,152772,384,31492,31531,38601,38651
2018-08-31 16:30:10.709873, 112,322,19,54,147362,384,15624,15688,38827,38877
2018-08-31 16:30:10.718811, 108,323,19,52,143301,384,27396,27435,39014,39095
2018-08-31 16:30:13.617771, 102,324,4,57,746154,385,42500,42539,2992,3041
2018-08-31 16:30:13.628622, 103,325,20,53,258401,383,56068,56107,3356,3406
2018-08-31 16:30:13.686425, 109,326,20,56,265435,384,2820,2859,5200,5249
2018-08-31 16:30:13.705461, 107,327,20,55,268311,384,64260,64299,5828,5878
2018-08-31 16:30:13.711474, 112,328,20,55,267826,384,48392,48456,6054,6104
2018-08-31 16:30:13.717481, 108,329,20,53,257034,384,60164,60203,6240,6313
2018-08-31 16:30:16.627406, 102,330,5,58,608779,385,9988,10027,36011,36060
2018-08-31 16:30:16.687562, 109,331,21,57,20671,384,35588,35627,37962,38012
2018-08-31 16:30:16.707837, 107,332,21,56,23294,384,31492,31531,38590,38640
2018-08-31 16:30:16.713752, 112,333,21,56,11785,384,15624,15688,38816,38866
2018-08-31 16:30:16.721566, 108,334,21,54,14696,384,27396,27435,39003,39076
2018-08-31 16:30:16.763489, 103,335,21,54,12937,401,27652,27691,40470,40520
2018-08-31 16:30:19.636957, 102,336,6,59,725724,385,43012,43051,3493,3543
2018-08-31 16:30:19.688781, 109,337,22,58,140110,384,2820,2859,5188,5238
2018-08-31 16:30:19.709497, 107,338,22,57,141926,384,64260,64299,5816,5866
2018-08-31 16:30:19.714158, 112,339,22,57,135917,384,48392,48456,6043,6093
2018-08-31 16:30:19.723012, 108,340,22,55,131880,384,60164,60203,6229,6303
2018-08-31 16:30:19.757569, 103,341,22,55,129703,383,60164,60203,7440,7490
2018-08-31 16:30:22.646556, 102,342,7,60,733529,385,10500,10539,36512,36562
2018-08-31 16:30:22.691277, 109,343,23,59,150280,384,35588,35627,37951,38000
2018-08-31 16:30:22.710038, 107,344,23,58,152786,384,31492,31531,38579,38629
2018-08-31 16:30:22.717842, 112,345,23,58,147204,384,15624,15688,38805,38855
2018-08-31 16:30:22.724775, 108,346,23,56,143385,384,27396,27435,38991,39074
2018-08-31 16:30:22.759613, 103,347,23,56,140501,384,27402,27441,40209,40259
2018-08-31 16:30:25.657224, 102,348,8,61,746062,385,43524,43563,3995,4044
2018-08-31 16:30:25.692173, 109,349,24,60,265064,384,2820,2859,5177,5227
2018-08-31 16:30:25.711488, 107,350,24,59,267434,384,64260,64299,5805,5855
2018-08-31 16:30:25.717537, 112,351,24,59,266552,384,48392,48456,6032,6082
2018-08-31 16:30:25.725331, 108,352,24,57,256833,384,60164,60203,6218,6292
2018-08-31 16:30:25.762015, 103,353,24,57,255287,384,60164,60203,7428,7478
2018-08-31 16:30:28.665713, 102,354,9,62,608876,385,11012,11051,37013,37063
2018-08-31 16:30:28.693124, 109,355,25,61,20625,384,35588,35627,37939,37989
2018-08-31 16:30:28.711868, 107,356,25,60,23451,384,31492,31531,38567,38617
2018-08-31 16:30:28.718925, 112,357,25,60,11954,384,15624,15688,38794,38844
2018-08-31 16:30:28.725847, 108,358,25,58,14284,384,27396,27435,38980,39056
2018-08-31 16:30:28.762745, 103,359,25,58,10618,384,27396,27435,40191,40241
2018-08-31 16:30:31.675968, 102,360,10,63,725630,385,44036,44075,4496,4546
2018-08-31 16:30:31.694317, 109,361,26,62,139705,384,2820,2859,5166,5215
2018-08-31 16:30:31.714820, 107,362,26,61,142038,384,64260,64299,5794,5843
2018-08-31 16:30:31.720747, 112,363,26,61,136084,384,48392,48456,6021,6071
2018-08-31 16:30:31.728615, 108,364,26,59,131756,384,60164,60203,6206,6281
2018-08-31 16:30:31.771703, 103,365,26,59,130914,385,60420,60459,7673,7723
2018-08-31 16:30:34.684076, 102,366,11,64,733458,385,11524,11563,37515,37564
2018-08-31 16:30:34.697797, 109,367,27,63,150341,384,35588,35627,37928,37977
2018-08-31 16:30:34.716990, 107,368,27,62,152923,384,31492,31531,38556,38606
2018-08-31 16:30:34.721981, 112,369,27,62,147425,384,15624,15688,38783,38833
2018-08-31 16:30:34.729127, 108,370,27,60,143201,384,27396,27435,38968,39052
2018-08-31 16:30:34.773666, 103,371,27,60,141100,384,27652,27691,40435,40485
2018-08-31 16:30:37.694439, 102,372,12,65,745884,385,44548,44587,4997,5047
2018-08-31 16:30:37.718407, 107,373,28,63,267299,384,64260,64299,5782,5832
2018-08-31 16:30:37.723455, 112,374,28,63,266305,384,48392,48456,6010,6060
2018-08-31 16:30:37.731441, 108,375,28,61,257127,384,60164,60203,6195,6269
2018-08-31 16:30:37.769736, 103,376,28,61,254608,383,60164,60203,7405,7455
2018-08-31 16:30:37.823762, 109,377,28,64,277322,400,6916,6955,9250,9299
2018-08-31 16:30:40.703140, 102,378,13,66,608854,385,12036,12075,38016,38066
2018-08-31 16:30:40.719002, 107,379,29,64,23363,384,31492,31531,38545,38594
2018-08-31 16:30:40.725897, 112,380,29,64,11654,384,15624,15688,38772,38822
2018-08-31 16:30:40.730906, 108,381,29,62,14538,384,27396,27435,38957,39033
2018-08-31 16:30:40.776695, 103,382,29,62,11585,385,27652,27691,40423,40473
2018-08-31 16:30:40.824410, 109,383,29,65,20775,384,39684,39723,42012,42062
2018-08-31 16:30:43.715334, 102,384,14,67,725266,385,45060,45099,5499,5548
2018-08-31 16:30:44.722276, 107,385,30,65,197626,512,31492,31531,38537,38587
2018-08-31 16:30:44.728145, 112,386,30,65,190317,512,15624,15688,38765,38815
2018-08-31 16:30:44.735189, 108,387,30,63,358630,512,27396,27435,38949,39034
2018-08-31 16:30:44.777339, 103,388,30,63,173976,512,27652,27691,40416,40465
2018-08-31 16:30:44.827301, 109,389,30,66,194163,512,39684,39723,42004,42054
2018-08-31 16:30:46.722881, 102,390,15,68,731932,385,12548,12587,38517,38567
2018-08-31 16:30:46.734449, 108,391,31,64,96373,256,27396,27435,38946,38995
2018-08-31 16:30:46.772480, 103,392,31,64,93429,255,27396,27435,40156,40207
2018-08-31 16:30:46.836572, 109,393,31,67,101430,257,39940,39979,42257,42306
2018-08-31 16:30:46.846496, 107,394,31,66,108682,272,35588,35627,42629,42679
2018-08-31 16:30:46.854333, 112,395,31,66,104778,272,19720,19784,42857,42907
2018-08-31 16:30:49.731963, 102,396,0,69,745817,385,45572,45611,6000,6050
2018-08-31 16:30:49.780765, 103,397,16,65,256204,385,60420,60459,7638,7689
2018-08-31 16:30:49.829139, 109,398,16,68,264288,383,6916,6955,9227,9277
2018-08-31 16:30:49.848752, 107,399,16,67,267523,384,2820,2859,9855,9905
2018-08-31 16:30:49.855735, 112,400,16,67,266601,384,52488,52552,10083,10133
2018-08-31 16:30:49.863529, 108,401,16,65,268918,400,64260,64299,10268,10351
2018-08-31 16:30:52.739498, 102,402,1,70,608660,385,13060,13099,39019,39068
2018-08-31 16:30:52.832139, 109,403,17,69,20774,384,39684,39723,41989,42039
2018-08-31 16:30:52.850491, 107,404,17,68,32453,384,35588,35627,42618,42667
2018-08-31 16:30:52.857537, 112,405,17,68,12797,384,19720,19784,42846,42896
2018-08-31 16:30:52.864450, 108,406,17,66,16356,384,31492,31531,43030,43106
2018-08-31 16:30:55.750387, 102,407,2,71,725592,385,46084,46123,6501,6551
2018-08-31 16:30:55.776033, 103,408,18,66,19659,767,60166,60205,7372,7422
2018-08-31 16:30:55.831606, 109,409,18,70,139424,384,6916,6955,9215,9265
2018-08-31 16:30:55.852117, 107,410,18,69,142008,384,2820,2859,9844,9894
2018-08-31 16:30:55.859846, 112,411,18,69,135340,384,52488,52552,10072,10122
2018-08-31 16:30:55.865782, 108,412,18,67,132080,384,64260,64299,10256,10341
2018-08-31 16:30:58.758470, 102,413,3,72,733416,385,13572,13611,39520,39570
2018-08-31 16:30:58.777947, 103,414,19,67,140036,384,27396,27435,40132,40182
2018-08-31 16:30:58.833207, 109,415,19,71,150245,384,39684,39723,41978,42027
2018-08-31 16:30:58.853646, 107,416,19,70,152771,384,35588,35627,42606,42656
2018-08-31 16:30:58.861463, 112,417,19,70,146784,384,19720,19784,42835,42885
2018-08-31 16:30:58.866400, 108,418,19,68,143365,384,31492,31531,43018,43103
2018-08-31 16:31:01.768716, 102,419,4,73,745706,385,46596,46635,7003,7052
2018-08-31 16:31:01.835611, 109,420,20,72,264720,384,6916,6955,9204,9254
2018-08-31 16:31:01.854646, 107,421,20,71,267225,384,2820,2859,9833,9882
2018-08-31 16:31:01.859867, 112,422,20,71,265610,384,52488,52552,10061,10111
2018-08-31 16:31:01.866899, 108,423,20,69,257068,384,64260,64299,10245,10329
2018-08-31 16:31:04.778653, 102,424,5,74,608877,385,14084,14123,40021,40071
2018-08-31 16:31:04.837904, 109,425,21,73,20358,384,39684,39723,41966,42016
2018-08-31 16:31:04.855866, 107,426,21,72,23365,384,35588,35627,42595,42645
2018-08-31 16:31:04.862808, 112,427,21,72,11502,384,19720,19784,42824,42874
2018-08-31 16:31:04.869909, 108,428,21,70,14483,384,31492,31531,43007,43085
2018-08-31 16:31:04.914167, 103,429,21,68,522842,785,31748,31787,44472,44522
2018-08-31 16:31:07.786465, 102,430,6,75,725571,385,47108,47147,7504,7554
2018-08-31 16:31:07.838286, 109,431,22,74,139622,384,6916,6955,9193,9242
2018-08-31 16:31:07.857381, 107,432,22,73,141926,384,2820,2859,9821,9871
2018-08-31 16:31:07.862535, 112,433,22,73,135439,384,52488,52552,10050,10100
2018-08-31 16:31:07.871433, 108,434,22,71,131798,384,64260,64299,10233,10318
2018-08-31 16:31:07.908273, 103,435,22,69,130387,383,64260,64299,11443,11492
2018-08-31 16:31:10.795872, 102,436,7,76,733947,385,14596,14635,40523,40572
2018-08-31 16:31:10.838765, 109,437,23,75,150341,384,39684,39723,41955,42005
2018-08-31 16:31:10.858380, 107,438,23,74,153764,384,35588,35627,42584,42633
2018-08-31 16:31:10.865354, 112,439,23,74,153511,384,19720,19784,42813,42863
2018-08-31 16:31:10.872471, 108,440,23,72,144912,384,31492,31531,42995,43080
2018-08-31 16:31:10.916362, 103,441,23,70,141399,385,31748,31787,44461,44511
2018-08-31 16:31:13.803920, 102,442,8,77,745627,385,47620,47659,8005,8055
2018-08-31 16:31:13.842380, 109,443,24,76,265020,384,6916,6955,9181,9232
2018-08-31 16:31:13.858223, 107,444,24,75,267318,384,2820,2859,9810,9860
2018-08-31 16:31:13.867123, 112,445,24,75,265757,384,52488,52552,10039,10089
2018-08-31 16:31:13.873121, 108,446,24,73,257338,384,64260,64299,10222,10306
2018-08-31 16:31:13.918825, 103,447,24,71,255727,384,64516,64555,11687,11737
2018-08-31 16:31:16.815262, 102,448,9,78,608753,385,15108,15147,41024,41074
2018-08-31 16:31:16.842855, 109,449,25,77,20697,384,39684,39723,41943,41994
2018-08-31 16:31:16.862762, 107,450,25,76,23401,384,35588,35627,42572,42622
2018-08-31 16:31:16.869658, 112,451,25,76,11475,384,19720,19784,42802,42852
2018-08-31 16:31:16.874686, 108,452,25,74,14695,384,31492,31531,42984,43063
2018-08-31 16:31:16.911693, 103,453,25,72,10397,383,31492,31531,44193,44243
2018-08-31 16:31:19.823943, 102,454,10,79,722188,385,48132,48171,8507,8556
2018-08-31 16:31:19.843464, 109,455,26,78,141813,384,6921,6960,9174,9225
2018-08-31 16:31:19.863391, 107,456,26,77,143904,384,2820,2859,9799,9848
2018-08-31 16:31:19.870348, 112,457,26,77,136924,384,52488,52552,10028,10078
2018-08-31 16:31:19.877258, 108,458,26,75,133791,384,64260,64299,10210,10296
2018-08-31 16:31:19.920651, 103,459,26,73,132243,385,64516,64555,11675,11725
2018-08-31 16:31:22.833990, 102,460,11,80,733899,385,15620,15659,41525,41575
2018-08-31 16:31:22.845834, 109,461,27,79,154080,384,39684,39723,41932,41982
2018-08-31 16:31:22.864897, 107,462,27,78,156155,384,35588,35627,42561,42611
2018-08-31 16:31:22.871071, 112,463,27,78,146730,384,19720,19784,42791,42841
2018-08-31 16:31:22.878882, 108,464,27,76,146769,384,31492,31531,42973,43059
2018-08-31 16:31:22.923325, 103,465,27,74,145227,384,31748,31787,44438,44487
2018-08-31 16:31:25.843208, 102,466,12,81,745536,385,48644,48683,9008,9058
2018-08-31 16:31:25.867337, 107,467,28,79,267020,384,2820,2859,9787,9837
2018-08-31 16:31:25.874350, 112,468,28,79,269290,384,52488,52552,10017,10067
2018-08-31 16:31:25.880368, 108,469,28,77,258341,384,64260,64299,10199,10285
2018-08-31 16:31:25.916617, 103,470,28,75,257624,383,64260,64299,11408,11457
2018-08-31 16:31:25.972902, 109,471,28,80,297319,400,11012,11051,13254,13304
2018-08-31 16:31:28.852442, 102,472,13,82,608783,385,16132,16171,42027,42076
2018-08-31 16:31:28.869146, 107,473,29,80,23360,384,35588,35627,42550,42599
2018-08-31 16:31:28.874128, 112,474,29,80,11217,384,19720,19784,42780,42830
2018-08-31 16:31:28.882084, 108,475,29,78,14592,384,31492,31531,42961,43041
2018-08-31 16:31:28.925461, 103,476,29,76,11697,385,31748,31787,44426,44476
2018-08-31 16:31:28.973458, 109,477,29,81,20818,384,43780,43819,46016,46066
2018-08-31 16:31:31.862143, 102,478,14,83,725397,385,49156,49195,9509,9559
2018-08-31 16:31:31.876063, 112,479,30,81,135088,384,52488,52552,10006,10056
2018-08-31 16:31:31.883034, 108,480,30,79,132110,384,64260,64299,10187,10274
2018-08-31 16:31:31.925855, 103,481,30,77,130806,384,64516,64555,11652,11702
2018-08-31 16:31:31.975111, 109,482,30,82,139575,384,11012,11051,13243,13292
2018-08-31 16:31:31.995008, 107,483,30,81,147785,400,6916,6955,13872,13921
2018-08-31 16:31:34.868765, 102,484,15,84,733306,385,16644,16683,42528,42578
2018-08-31 16:31:34.883719, 108,485,31,80,143607,384,31492,31531,42950,43000
2018-08-31 16:31:34.920183, 103,486,31,78,140103,383,31492,31531,44158,44208
2018-08-31 16:31:34.977419, 109,487,31,83,150115,384,43780,43819,46005,46055
2018-08-31 16:31:34.996983, 107,488,31,82,152545,384,39684,39723,46634,46684
2018-08-31 16:31:35.003040, 112,489,31,82,153594,400,23816,23880,46865,46915
2018-08-31 16:31:37.880164, 102,490,0,85,745465,385,49668,49707,10011,10060
2018-08-31 16:31:37.929478, 103,491,16,79,256263,385,64516,64555,11640,11690
2018-08-31 16:31:37.976913, 109,492,16,84,264873,384,11012,11051,13231,13281
2018-08-31 16:31:37.997735, 107,493,16,83,267364,384,6916,6955,13860,13910
2018-08-31 16:31:38.003782, 112,494,16,83,265262,384,56584,56648,14091,14141
2018-08-31 16:31:38.011550, 108,495,16,81,269001,400,2820,2859,14272,14359
2018-08-31 16:31:40.889972, 102,496,1,86,609725,385,17156,17195,43029,43079
2018-08-31 16:31:40.922269, 103,497,17,80,14758,383,31492,31531,44147,44196
2018-08-31 16:31:40.979014, 109,498,17,85,20427,384,43780,43819,45993,46043
2018-08-31 16:31:41.000278, 107,499,17,84,24694,384,39684,39723,46623,46672
2018-08-31 16:31:41.004555, 112,500,17,84,13484,384,23816,23880,46854,46904
2018-08-31 16:31:41.012551, 108,501,17,82,15093,384,35588,35627,47034,47114
2018-08-31 16:31:43.898576, 102,502,2,87,725517,385,50180,50219,10512,10562
2018-08-31 16:31:43.925248, 103,503,18,81,130195,384,64265,64304,11378,11428
2018-08-31 16:31:43.981707, 109,504,18,86,139297,384,11012,11051,13220,13269
2018-08-31 16:31:44.000679, 107,505,18,85,141928,384,6916,6955,13849,13899
2018-08-31 16:31:44.008768, 112,506,18,85,135469,384,56584,56648,14080,14130
2018-08-31 16:31:44.012358, 108,507,18,83,132183,384,2820,2859,14260,14349
2018-08-31 16:31:46.908848, 102,508,3,88,733350,385,17668,17707,43531,43580
2018-08-31 16:31:46.934155, 103,509,19,82,141759,385,31748,31787,44391,44441
2018-08-31 16:31:46.982274, 109,510,19,87,150146,384,43780,43819,45982,46032
2018-08-31 16:31:47.002568, 107,511,19,86,152764,384,39684,39723,46611,46661
2018-08-31 16:31:47.007738, 112,512,19,86,146832,384,23816,23880,46843,46893
2018-08-31 16:31:49.917942, 102,513,4,89,745374,385,50692,50731,11013,11063
2018-08-31 16:31:49.934510, 103,514,20,83,255583,384,64516,64555,11617,11667
2018-08-31 16:31:49.983822, 109,515,20,88,265368,384,11012,11051,13208,13258
2018-08-31 16:31:50.002432, 107,516,20,87,267125,384,6916,6955,13838,13887
2018-08-31 16:31:50.012408, 112,517,20,87,265437,384,56584,56648,14069,14119
2018-08-31 16:31:50.016494, 108,518,20,84,286003,768,2820,2859,14249,14338
2018-08-31 16:31:52.928091, 102,519,5,90,608871,385,18180,18219,44032,44082
2018-08-31 16:31:52.985747, 109,520,21,89,20710,384,43780,43819,45971,46020
2018-08-31 16:31:53.005105, 107,521,21,88,23338,384,39684,39723,46600,46650
2018-08-31 16:31:53.011170, 112,522,21,88,11303,384,23816,23880,46832,46882
2018-08-31 16:31:53.018974, 108,523,21,85,14172,384,35588,35627,47011,47092
2018-08-31 16:31:53.062521, 103,524,21,84,12661,400,35844,35883,48475,48525
2018-08-31 16:31:55.937443, 102,525,6,91,725340,385,51204,51243,11515,11565
2018-08-31 16:31:55.987283, 109,526,22,90,139520,384,11012,11051,13197,13247
2018-08-31 16:31:56.006218, 107,527,22,89,141833,384,6916,6955,13826,13876
2018-08-31 16:31:56.013205, 112,528,22,89,135283,384,56584,56648,14058,14108
2018-08-31 16:31:56.019254, 108,529,22,86,131835,384,2820,2859,14237,14326
2018-08-31 16:31:56.063136, 103,530,22,85,130892,384,3076,3115,15701,15751
2018-08-31 16:31:58.946275, 102,531,7,92,733188,385,18692,18731,44534,44583
2018-08-31 16:31:58.988246, 109,532,23,91,150244,384,43780,43819,45959,46009
2018-08-31 16:31:59.007526, 107,533,23,90,152734,384,39684,39723,46589,46638
2018-08-31 16:31:59.014735, 112,534,23,90,146661,384,23816,23880,46821,46871
2018-08-31 16:31:59.020751, 108,535,23,87,143295,384,35588,35627,47000,47088
2018-08-31 16:31:59.065892, 103,536,23,86,141066,384,35844,35883,48463,48513
2018-08-31 16:32:01.956205, 102,537,8,93,745350,385,51716,51755,12016,12066
2018-08-31 16:32:01.991462, 109,538,24,92,264951,384,11012,11051,13185,13235
2018-08-31 16:32:02.009710, 107,539,24,91,267381,384,6916,6955,13815,13865
2018-08-31 16:32:02.015829, 112,540,24,91,265699,384,56584,56648,14047,14097
2018-08-31 16:32:02.023640, 108,541,24,88,257331,384,2820,2859,14226,14315
2018-08-31 16:32:02.067357, 103,542,24,87,256052,384,3076,3115,15690,15739
2018-08-31 16:32:04.964249, 102,543,9,94,608752,385,19204,19243,45035,45085
2018-08-31 16:32:04.992206, 109,544,25,93,20623,384,43780,43819,45948,45997
2018-08-31 16:32:05.012262, 107,545,25,92,23398,384,39684,39723,46577,46627
2018-08-31 16:32:05.018276, 112,546,25,92,11403,384,23816,23880,46810,46860
2018-08-31 16:32:05.026101, 108,547,25,89,14822,384,35588,35627,46988,47071
2018-08-31 16:32:07.974130, 102,548,10,95,725470,385,52228,52267,12518,12567
2018-08-31 16:32:07.991633, 109,549,26,94,139639,384,11018,11057,13180,13230
2018-08-31 16:32:08.013044, 107,550,26,93,141982,384,6916,6955,13804,13854
2018-08-31 16:32:08.018261, 112,551,26,93,135114,384,56584,56648,14036,14087
2018-08-31 16:32:08.026062, 108,552,26,90,131929,384,2820,2859,14214,14305
2018-08-31 16:32:08.068606, 103,553,26,88,20580,768,3076,3115,15678,15728
2018-08-31 16:32:10.981964, 102,554,11,96,733319,385,19716,19755,45536,45586
2018-08-31 16:32:10.995440, 109,555,27,95,150228,384,43780,43819,45936,45986
2018-08-31 16:32:11.014215, 107,556,27,94,152570,384,39684,39723,46566,46616
2018-08-31 16:32:11.021314, 112,557,27,94,146430,384,23816,23880,46799,46849
2018-08-31 16:32:11.027361, 108,558,27,91,143500,384,35588,35627,46977,47067
2018-08-31 16:32:11.062555, 103,559,27,89,139801,383,35588,35627,48184,48234
2018-08-31 16:32:13.993042, 102,560,12,97,745359,385,52740,52779,13019,13069
2018-08-31 16:32:14.015582, 107,561,28,95,266980,384,6916,6955,13792,13842
2018-08-31 16:32:14.023673, 112,562,28,95,265290,384,56584,56648,14025,14075
2018-08-31 16:32:14.030578, 108,563,28,92,257109,384,2820,2859,14203,14294
2018-08-31 16:32:14.121194, 109,564,28,96,277091,400,15108,15147,17258,17308
2018-08-31 16:32:17.002166, 102,565,13,98,609263,385,20228,20267,46038,46088
2018-08-31 16:32:17.018574, 107,566,29,96,24600,384,39684,39723,46555,46605
2018-08-31 16:32:17.024572, 112,567,29,96,13191,384,23816,23880,46788,46838
2018-08-31 16:32:17.030486, 108,568,29,93,16072,384,35588,35627,46965,47048
2018-08-31 16:32:17.074905, 103,569,29,90,532030,769,35844,35883,48428,48478
2018-08-31 16:32:17.123118, 109,570,29,97,22425,384,47876,47915,50021,50070
2018-08-31 16:32:20.014220, 102,571,14,99,725502,385,53252,53291,13520,13571
2018-08-31 16:32:20.026009, 112,572,30,97,135209,384,56584,56648,14014,14064
2018-08-31 16:32:20.032000, 108,573,30,94,131721,384,2820,2859,14192,14282
2018-08-31 16:32:20.077078, 103,574,30,91,131351,384,3076,3115,15655,15704
2018-08-31 16:32:20.123680, 109,575,30,98,139629,384,15108,15147,17247,17297
2018-08-31 16:32:20.142951, 107,576,30,97,148267,400,11012,11051,17877,17928
2018-08-31 16:32:23.020678, 102,577,15,100,733312,385,20740,20779,46539,46589
2018-08-31 16:32:23.032655, 108,578,31,95,144855,384,35588,35627,46954,47004
2018-08-31 16:32:23.068747, 103,579,31,92,140121,383,35590,35629,48163,48212
2018-08-31 16:32:23.127258, 109,580,31,99,154136,384,47876,47915,50009,50059
2018-08-31 16:32:23.146047, 107,581,31,98,152797,384,43780,43819,50639,50690
2018-08-31 16:32:23.152902, 112,582,31,98,153592,400,27912,27976,50873,50922
2018-08-31 16:32:26.030332, 102,583,0,101,745394,385,53764,53803,14022,14071
2018-08-31 16:32:26.080220, 103,584,16,93,256365,385,3076,3115,15643,15693
2018-08-31 16:32:26.126983, 109,585,16,100,264790,384,15108,15147,17235,17285
2018-08-31 16:32:26.145124, 107,586,16,99,266871,384,11012,11051,17866,17915
2018-08-31 16:32:26.154012, 112,587,16,99,265312,384,60680,60744,18099,18149
2018-08-31 16:32:26.160909, 108,588,16,96,268949,400,6916,6955,18276,18367
2018-08-31 16:32:29.039446, 102,589,1,102,608510,385,21252,21291,47040,47090
2018-08-31 16:32:29.080402, 103,590,17,94,11435,384,35844,35883,48405,48455
2018-08-31 16:32:29.129461, 109,591,17,101,20693,384,47876,47915,49998,50047
2018-08-31 16:32:29.148159, 107,592,17,100,23130,384,43780,43819,50628,50678
2018-08-31 16:32:29.156153, 112,593,17,100,11003,384,27912,27976,50861,50911
2018-08-31 16:32:29.162218, 108,594,17,97,14851,384,39684,39723,51038,51127
2018-08-31 16:32:32.047801, 102,595,2,103,725503,385,54276,54315,14523,14573
2018-08-31 16:32:32.083001, 103,596,18,95,130664,384,3076,3115,15631,15681
2018-08-31 16:32:32.130874, 109,597,18,102,139387,384,15108,15147,17224,17274
2018-08-31 16:32:32.150728, 107,598,18,101,141953,384,11012,11051,17854,17904
2018-08-31 16:32:32.157511, 112,599,18,101,135284,384,60680,60744,18088,18138
2018-08-31 16:32:32.162562, 108,600,18,98,132232,384,6916,6955,18265,18359
2018-08-31 16:32:35.057204, 102,601,3,104,733175,385,21764,21803,47542,47591
2018-08-31 16:32:35.083255, 103,602,19,96,141233,384,35844,35883,48393,48443
2018-08-31 16:32:35.130259, 109,603,19,103,150161,384,47876,47915,49986,50036
2018-08-31 16:32:35.151276, 107,604,19,102,152792,384,43780,43819,50617,50666
2018-08-31 16:32:35.159153, 112,605,19,102,146600,384,27912,27976,50851,50900
2018-08-31 16:32:35.165176, 108,606,19,99,143481,384,39684,39723,51027,51122
2018-08-31 16:32:38.067134, 102,607,4,105,745373,385,54788,54827,15024,15074
2018-08-31 16:32:38.085854, 103,608,20,97,256122,384,3076,3115,15620,15669
2018-08-31 16:32:38.135141, 109,609,20,104,264626,384,15108,15147,17213,17262
2018-08-31 16:32:38.152031, 107,610,20,103,267273,384,11012,11051,17843,17893
2018-08-31 16:32:38.159115, 112,611,20,103,265391,384,60680,60744,18077,18127
2018-08-31 16:32:38.167094, 108,612,20,100,257139,384,6916,6955,18253,18348
2018-08-31 16:32:41.076476, 102,613,5,106,608274,385,22276,22315,48043,48093
2018-08-31 16:32:44.084843, 102,614,6,107,725338,385,55300,55339,15526,15575
2018-08-31 16:32:47.095369, 102,615,7,108,733380,385,22788,22827,48544,48594
2018-08-31 16:32:50.103343, 102,616,8,109,745417,385,55812,55851,16027,16077
2018-08-31 16:32:53.111933, 102,617,9,110,608735,385,23300,23339,49046,49095
2018-08-31 16:32:56.122958, 102,618,10,111,725481,385,56324,56363,16528,16578
2018-08-31 16:32:59.133788, 102,619,11,112,733423,385,23812,23851,49547,49597
2018-08-31 16:33:02.140641, 102,620,12,113,745424,385,56836,56875,17030,17079
2018-08-31 16:33:05.150032, 102,621,13,114,608666,385,24324,24363,50048,50098
2018-08-31 16:33:08.160410, 102,622,14,115,725593,385,57348,57387,17531,17581
2018-08-31 16:33:11.171142, 102,623,15,116,733315,385,24836,24875,50550,50599
2018-08-31 16:33:14.179929, 102,624,0,117,745539,385,57860,57899,18032,18082
2018-08-31 16:33:17.187855, 102,625,1,118,608494,385,25348,25387,51051,51101
2018-08-31 16:33:20.197811, 102,626,2,119,725646,385,58372,58411,18534,18583
2018-08-31 16:33:23.206223, 102,627,3,120,733438,385,25860,25899,51552,51602
2018-08-31 16:33:26.216247, 102,628,4,121,745737,385,58884,58923,19035,19085
2018-08-31 16:33:29.225719, 102,629,5,122,608459,385,26372,26411,52054,52103
2018-08-31 16:33:32.234983, 102,630,6,123,725718,385,59396,59435,19536,19586
2018-08-31 16:33:35.245828, 102,631,7,124,733669,385,26884,26923,52555,52605
2018-08-31 16:33:38.116389, 103,632,20,98,10278471,7680,3076,3115,15503,15553
2018-08-31 16:33:38.165977, 109,633,20,105,10078007,7680,15108,15147,17098,17148
2018-08-31 16:33:38.183884, 107,634,20,104,10353506,7680,11012,11051,17730,17780
2018-08-31 16:33:38.191757, 112,635,20,104,9909215,7680,60680,60744,17967,18021
2018-08-31 16:33:38.199564, 108,636,20,101,10126772,7680,6916,6955,18139,18255
2018-08-31 16:33:38.252903, 102,637,8,125,745970,385,59908,59947,20038,20087
2018-08-31 16:33:41.263397, 102,638,9,126,608734,385,27396,27435,53057,53106
2018-08-31 16:33:44.273777, 102,639,10,127,725820,385,60420,60459,20539,20589
2018-08-31 16:33:47.282424, 102,640,11,128,733651,385,27908,27947,53558,53608
2018-08-31 16:33:50.292756, 102,641,12,129,746195,385,60932,60971,21041,21090
2018-08-31 16:33:53.300394, 102,642,13,130,608578,385,28420,28459,54059,54109
2018-08-31 16:33:56.310211, 102,643,14,131,725935,385,61444,61483,21542,21592
2018-08-31 16:33:59.319365, 102,644,15,132,733781,385,28932,28971,54561,54610
2018-08-31 16:34:02.327159, 102,645,0,133,746331,385,61956,61995,22043,22093
2018-08-31 16:34:05.338843, 102,646,1,134,608664,385,29444,29483,55062,55112
2018-08-31 16:34:08.348349, 102,647,2,135,725941,385,62468,62507,22545,22594
2018-08-31 16:34:11.357849, 102,648,3,136,733789,385,29956,29995,55564,55613
2018-08-31 16:34:14.366065, 102,649,4,137,746574,385,62980,63019,23046,23096
2018-08-31 16:34:17.375316, 102,650,5,138,608494,385,30468,30507,56065,56115
2018-08-31 16:34:20.384556, 102,651,6,139,725937,385,63492,63531,23548,23597
2018-08-31 16:34:23.392803, 102,652,7,140,733835,385,30980,31019,56566,56616
2018-08-31 16:34:26.402970, 102,653,8,141,746868,385,64004,64043,24049,24099
2018-08-31 16:34:29.412344, 102,654,9,142,608436,385,31492,31531,57068,57117
2018-08-31 16:34:32.421685, 102,655,10,143,726150,385,64516,64555,24550,24600
2018-08-31 16:34:35.430236, 102,656,11,144,733985,385,32004,32043,57569,57619
2018-08-31 16:34:38.146361, 103,657,20,99,10819426,7680,3076,3115,15387,15437
2018-08-31 16:34:38.194538, 109,658,20,106,10593236,7680,15108,15147,16984,17034
2018-08-31 16:34:38.214363, 107,659,20,105,10866553,7680,11012,11051,17617,17668
2018-08-31 16:34:38.222104, 112,660,20,105,10392717,7680,60680,60744,17857,17907
2018-08-31 16:34:38.229973, 108,661,20,102,10654532,7680,6916,6955,18025,18150
2018-08-31 16:34:38.440054, 102,662,12,145,747132,385,65028,65067,25052,25102
2018-08-31 16:34:41.448917, 102,663,13,146,608432,385,32516,32555,58071,58121
2018-08-31 16:34:44.458277, 102,664,14,147,725887,385,6,45,25555,25606
2018-08-31 16:34:47.467248, 102,665,15,148,734149,385,33028,33067,58572,58622
2018-08-31 16:34:50.477810, 102,666,0,149,747417,385,516,555,26055,26104
2018-08-31 16:34:53.488162, 102,667,1,150,608221,385,33540,33579,59073,59123
2018-08-31 16:34:56.496517, 102,668,2,151,725940,385,1028,1067,26556,26606
2018-08-31 16:34:59.505064, 102,669,3,152,734135,385,34052,34091,59575,59624
2018-08-31 16:35:02.514941, 102,670,4,153,747683,385,1540,1579,27058,27107
2018-08-31 16:35:05.524084, 102,671,5,154,608364,385,34564,34603,60076,60126
2018-08-31 16:35:08.534595, 102,672,6,155,725958,385,2052,2091,27559,27609
2018-08-31 16:35:11.542554, 102,673,7,156,734303,385,35076,35115,60578,60627
2018-08-31 16:35:14.553472, 102,674,8,157,747929,385,2564,2603,28060,28110
2018-08-31 16:35:17.562164, 102,675,9,158,608331,385,35588,35627,61079,61129
2018-08-31 16:35:20.571185, 102,676,10,159,726109,385,3076,3115,28562,28611
2018-08-31 16:35:23.581859, 102,677,11,160,734261,385,36100,36139,61581,61630
2018-08-31 16:35:26.590337, 102,678,12,161,748193,385,3588,3627,29063,29113
2018-08-31 16:35:29.600181, 102,679,13,162,608347,385,36612,36651,62082,62132
2018-08-31 16:35:32.608142, 102,680,14,163,726223,385,4100,4139,29565,29614
2018-08-31 16:35:35.619181, 102,681,15,164,734436,385,37124,37163,62583,62633
2018-08-31 16:35:38.175549, 103,682,20,100,10825938,7680,3076,3115,15271,15321
2018-08-31 16:35:38.224012, 109,683,20,107,10613466,7680,15108,15147,16871,16920
2018-08-31 16:35:38.245501, 107,684,20,106,10860171,7680,11012,11051,17504,17554
2018-08-31 16:35:38.251522, 112,685,20,106,10406714,7680,60680,60744,17747,17796
2018-08-31 16:35:38.259388, 108,686,20,103,10660820,7680,6916,6955,17911,18037
2018-08-31 16:35:38.626409, 102,687,0,165,748455,385,4612,4651,30066,30116
2018-08-31 16:35:41.637444, 102,688,1,166,608236,385,37636,37675,63085,63134
2018-08-31 16:35:44.644341, 102,689,2,167,726314,385,5124,5163,30568,30617
2018-08-31 16:35:47.654582, 102,690,3,168,734409,385,38148,38187,63586,63636
2018-08-31 16:35:50.664868, 102,691,4,169,748693,385,5636,5675,31069,31119
2018-08-31 16:35:53.673758, 102,692,5,170,607948,385,38660,38699,64088,64137
2018-08-31 16:35:56.683304, 102,693,6,171,726121,385,6148,6187,31570,31620
2018-08-31 16:35:59.692034, 102,694,7,172,734381,385,39172,39211,64589,64639
2018-08-31 16:36:02.701198, 102,695,8,173,748906,385,6660,6699,32072,32121
2018-08-31 16:36:05.710420, 102,696,9,174,608368,385,39684,39723,65091,65140
2018-08-31 16:36:08.720792, 102,697,10,175,726219,385,7172,7211,32573,32623
2018-08-31 16:36:11.728399, 102,698,11,176,734437,385,40196,40235,56,106
2018-08-31 16:36:14.740435, 102,699,12,177,749135,385,7684,7723,33075,33124
2018-08-31 16:36:17.749660, 102,700,13,178,608283,385,40708,40747,557,607
2018-08-31 16:36:20.757488, 102,701,14,179,726484,385,8196,8235,33576,33626
2018-08-31 16:36:23.768253, 102,702,15,180,734505,385,41220,41259,1059,1109
2018-08-31 16:36:26.777423, 102,703,0,181,749354,385,8708,8747,34078,34127
2018-08-31 16:36:29.785833, 102,704,1,182,608288,385,41732,41771,1560,1610
2018-08-31 16:36:32.796457, 102,705,2,183,726259,385,9220,9259,34579,34629
2018-08-31 16:36:35.803747, 102,706,3,184,734651,385,42244,42283,2062,2111
2018-08-31 16:36:38.205089, 103,707,20,101,10828406,7680,3076,3115,15155,15204
2018-08-31 16:36:38.254579, 109,708,20,108,10600335,7680,15108,15147,16757,16807
2018-08-31 16:36:38.272816, 107,709,20,107,10878769,7680,11012,11051,17391,17440
2018-08-31 16:36:38.281692, 112,710,20,107,10402152,7680,60680,60744,17637,17687
2018-08-31 16:36:38.286859, 108,711,20,104,10660257,7680,6916,6955,17797,17928
2018-08-31 16:36:38.814092, 102,712,4,185,749544,385,9732,9771,35080,35130
2018-08-31 16:36:41.823566, 102,713,5,186,608072,385,42756,42795,2563,2613
2018-08-31 16:36:44.833696, 102,714,6,187,726491,385,10244,10283,35582,35632
2018-08-31 16:36:47.841243, 102,715,7,188,734879,385,43268,43307,3065,3114
2018-08-31 16:36:50.851563, 102,716,8,189,749741,385,10756,10795,36083,36133
2018-08-31 16:36:53.860299, 102,717,9,190,608086,385,43780,43819,3566,3616
2018-08-31 16:36:56.870240, 102,718,10,191,726618,385,11268,11307,36585,36634
2018-08-31 16:36:59.878924, 102,719,11,192,734806,385,44292,44331,4068,4117
2018-08-31 16:37:02.888639, 102,720,12,193,749961,385,11780,11819,37086,37137
2018-08-31 16:37:05.899277, 102,721,13,194,608026,385,44804,44843,4569,4619
2018-08-31 16:37:08.908473, 102,722,14,195,726549,385,12292,12331,37588,37638
2018-08-31 16:37:11.915944, 102,723,15,196,734888,385,45316,45355,5070,5121
2018-08-31 16:37:14.925521, 102,724,0,197,750189,385,12804,12843,38089,38139
2018-08-31 16:37:17.935134, 102,725,1,198,608081,385,45828,45867,5572,5621
2018-08-31 16:37:20.944607, 102,726,2,199,726713,385,13316,13355,38591,38640
2018-08-31 16:37:23.954017, 102,727,3,200,734961,385,46340,46379,6073,6123
2018-08-31 16:37:26.962084, 102,728,4,201,750336,385,13828,13867,39092,39142
2018-08-31 16:37:29.974167, 102,729,5,202,607861,385,46852,46891,6575,6624
2018-08-31 16:37:32.980418, 102,730,6,203,726637,385,14340,14379,39593,39643
2018-08-31 16:37:35.990439, 102,731,7,204,734996,385,47364,47403,7076,7126
2018-08-31 16:37:38.237088, 103,732,20,102,10833316,7680,3076,3115,15039,15088
2018-08-31 16:37:38.283152, 109,733,20,109,10601938,7680,15108,15147,16644,16693
2018-08-31 16:37:38.304095, 107,734,20,108,10870514,7680,11012,11051,17278,17327
2018-08-31 16:37:38.312997, 112,735,20,108,10403831,7680,60680,60744,17527,17577
2018-08-31 16:37:38.319831, 108,736,20,105,10679859,7680,6916,6955,17683,17819
2018-08-31 16:37:39.001672, 102,737,8,205,750553,385,14852,14891,40095,40145
2018-08-31 16:37:42.009624, 102,738,9,206,607842,385,47876,47915,7578,7627
2018-08-31 16:37:45.019045, 102,739,10,207,726632,385,15364,15403,40596,40646
2018-08-31 16:37:48.030035, 102,740,11,208,735018,385,48388,48427,8079,8129
2018-08-31 16:37:51.037946, 102,741,12,209,750742,385,15876,15915,41098,41147
2018-08-31 16:37:54.048693, 102,742,13,210,607780,385,48900,48939,8581,8630
2018-08-31 16:37:57.057046, 102,743,14,211,726693,385,16388,16427,41599,41649
2018-08-31 16:38:00.065810, 102,744,15,212,735190,385,49412,49451,9082,9132
2018-08-31 16:38:03.076678, 102,745,0,213,750899,385,16900,16939,42101,42150
2018-08-31 16:38:06.084635, 102,746,1,214,607945,385,49924,49963,9583,9633
2018-08-31 16:38:09.094324, 102,747,2,215,726744,385,17412,17451,42602,42652
2018-08-31 16:38:12.104551, 102,748,3,216,735062,385,50436,50475,10085,10135
2018-08-31 16:38:15.111039, 102,749,4,217,751061,385,17924,17963,43104,43153
2018-08-31 16:38:18.123100, 102,750,5,218,607910,385,50948,50987,10586,10636
2018-08-31 16:38:21.131688, 102,751,6,219,726650,385,18436,18475,43605,43655
2018-08-31 16:38:24.140868, 102,752,7,220,735133,385,51460,51499,11088,11137
2018-08-31 16:38:27.149880, 102,753,8,221,751249,385,18948,18987,44107,44156
2018-08-31 16:38:30.158253, 102,754,9,222,608099,385,51972,52011,11589,11639
2018-08-31 16:38:33.168995, 102,755,10,223,726750,385,19460,19499,44608,44658
2018-08-31 16:38:36.177919, 102,756,11,224,735128,385,52484,52523,12091,12140
2018-08-31 16:38:38.266573, 103,757,20,103,10830780,7680,3076,3115,14923,14972
2018-08-31 16:38:38.315476, 109,758,20,110,10623490,7680,15108,15147,16530,16580
2018-08-31 16:38:38.335088, 107,759,20,109,10882867,7680,11012,11051,17165,17214
2018-08-31 16:38:38.340289, 112,760,20,109,10413461,7680,60680,60744,17417,17467
2018-08-31 16:38:38.349193, 108,761,20,106,10682115,7680,6916,6955,17569,17708
2018-08-31 16:38:39.188671, 102,762,12,225,751420,385,19972,20011,45109,45159
2018-08-31 16:38:42.197609, 102,763,13,226,607837,385,52996,53035,12592,12642
2018-08-31 16:38:45.206070, 102,764,14,227,726796,385,20484,20523,45611,45661
2018-08-31 16:38:48.214355, 102,765,15,228,735154,385,53508,53547,13094,13143
