2018-08-31 16:11:19.495649, make -k -j 20 z1-reset-sequence
2018-08-31 16:11:19.575071, make[1]: Entering directory `/home/user/contiki-master/examples/ipv6/multicast/simulations-bmrf-simple-contikiMAC-real'
2018-08-31 16:11:19.575202, ../../../../tools/zolertia/z1-bsl-nopic --z1 -c /dev/ttyUSB0 -r
2018-08-31 16:11:20.415803, Done
2018-08-31 16:11:20.416079, make[1]: Leaving directory `/home/user/contiki-master/examples/ipv6/multicast/simulations-bmrf-simple-contikiMAC-real'
2018-08-31 16:11:20.422985, ../../../../tools/sky/serialdump-linux -b115200 /dev/ttyUSB0
2018-08-31 16:11:21.088442, Rime started with address 100.0
2018-08-31 16:11:21.098396, MAC 64:00:00:00:00:00:00:00 Contiki 2.6 started. Node id is set to 100.
2018-08-31 16:11:21.108287, CSMA nullrdc, channel check rate 128 Hz, radio channel 16
2018-08-31 16:11:21.108378, Starting 'receiving messages from white motes'
2018-08-31 16:11:25.890248, 102,1,6,1,1411,4,27396,27439,51561,51611
2018-08-31 16:11:34.188749, 108,2,36,1,2388,12,30475,30560,61189,61239
2018-08-31 16:11:36.335494, 107,3,20,1,12636,26,33029,33074,424,474
2018-08-31 16:12:25.035000, 109,4,20,1,502126,7680,27917,28016,22441,22491
2018-08-31 16:12:25.922094, 102,5,6,2,14762566,7680,27396,27438,51455,51505
2018-08-31 16:12:28.250800, 112,6,20,1,396511,7680,28176,28290,62235,62285
2018-08-31 16:12:34.216972, 108,7,36,2,419426,7680,30475,30556,61072,61122
2018-08-31 16:12:34.296217, 103,8,20,1,395817,7680,27918,28020,63599,63649
2018-08-31 16:12:36.364229, 107,9,20,2,564393,7680,33029,33072,310,359
2018-08-31 16:13:25.065999, 109,10,20,2,417111,7680,27917,28011,22324,22374
2018-08-31 16:13:25.951470, 102,11,6,3,14749309,7680,27396,27438,51350,51400
2018-08-31 16:13:28.282162, 112,12,20,2,308172,7680,28176,28284,62120,62170
2018-08-31 16:13:34.250369, 108,13,36,3,309484,7680,30475,30556,60958,61008
2018-08-31 16:13:34.325935, 103,14,20,2,301515,7680,27918,28015,63478,63529
2018-08-31 16:13:36.394696, 107,15,20,3,446011,7680,33029,33072,196,246
2018-08-31 16:14:25.094435, 109,16,20,3,392513,7680,27917,28011,22211,22261
2018-08-31 16:14:25.982541, 102,17,6,4,14745559,7680,27396,27438,51245,51295
2018-08-31 16:14:25.995428, 102,18,0,5,3889,2,27908,27950,51757,51807
2018-08-31 16:14:26.013502, 107,19,16,4,359873,6348,19717,19760,52327,52377
2018-08-31 16:14:26.032019, 109,20,16,4,6767,120,58637,58731,52929,52979
2018-08-31 16:14:26.068579, 112,21,16,3,396760,7393,20240,20348,54078,54128
2018-08-31 16:14:26.086569, 108,22,16,4,268161,6632,24331,24412,54715,54765
2018-08-31 16:14:26.249323, 103,23,16,3,226687,6620,18702,24651,60013,60064
2018-08-31 16:14:29.005799, 102,24,1,6,608644,385,60932,60974,19240,19289
2018-08-31 16:14:29.027636, 109,25,17,5,18647,383,25628,25722,19915,19964
2018-08-31 16:14:29.069838, 112,26,17,4,13329,384,53008,53116,21304,21354
2018-08-31 16:14:29.088759, 108,27,17,5,14729,384,57099,57180,21941,21991
2018-08-31 16:14:29.140750, 107,28,17,5,23684,400,56581,56624,23649,23699
2018-08-31 16:14:29.227762, 103,29,17,4,14019,384,51470,56651,26472,26522
2018-08-31 16:14:32.016203, 102,30,2,7,727511,385,28420,28462,52258,52308
2018-08-31 16:14:32.037132, 109,31,18,6,143745,385,58637,58731,52918,52968
2018-08-31 16:14:32.071025, 112,32,18,5,140104,384,20240,20348,54067,54117
2018-08-31 16:14:32.091771, 108,33,18,6,132678,384,24331,24412,54703,54753
2018-08-31 16:14:32.141592, 107,34,18,6,141902,384,23813,23856,56411,56461
2018-08-31 16:14:32.298637, 103,35,18,5,136041,384,18702,26187,61538,61588
2018-08-31 16:14:35.025334, 102,36,3,8,735524,385,61444,61486,19741,19791
2018-08-31 16:14:35.073040, 112,37,19,6,151456,384,53008,53116,21293,21343
2018-08-31 16:14:35.091796, 108,38,19,7,145482,384,57099,57180,21930,21980
2018-08-31 16:14:35.144186, 107,39,19,7,153948,384,56581,56624,23637,23687
2018-08-31 16:14:35.156118, 109,40,19,7,161693,399,29730,29824,24005,24055
2018-08-31 16:14:35.215296, 103,41,19,6,163017,384,51470,56139,25948,25998
2018-08-31 16:14:38.035691, 102,42,4,9,751147,385,28932,28974,52760,52809
2018-08-31 16:14:38.075071, 112,43,20,7,272005,384,20240,20348,54056,54106
2018-08-31 16:14:38.093959, 108,44,20,8,256518,384,24331,24412,54692,54742
2018-08-31 16:14:38.145984, 107,45,20,8,266947,384,23813,23856,56400,56450
2018-08-31 16:14:38.165412, 109,46,20,8,273411,385,62733,62827,57003,57052
2018-08-31 16:14:38.223494, 103,47,20,7,262457,384,18702,23627,58966,59016
2018-08-31 16:14:41.043321, 102,48,5,10,608655,385,61956,61998,20242,20292
2018-08-31 16:14:41.074462, 112,49,21,8,14498,384,53008,53116,21282,21332
2018-08-31 16:14:41.094283, 108,50,21,9,15907,384,57099,57180,21918,21968
2018-08-31 16:14:41.145892, 107,51,21,9,22131,384,56581,56624,23626,23676
2018-08-31 16:14:41.165858, 109,52,21,9,19754,384,29965,30059,24229,24279
2018-08-31 16:14:41.202712, 103,53,21,8,14729,384,51470,55627,25424,25474
2018-08-31 16:14:44.052497, 102,54,6,11,727374,385,29444,29486,53261,53311
2018-08-31 16:14:44.077480, 112,55,22,9,140831,384,20260,20368,54065,54115
2018-08-31 16:14:44.096558, 108,56,22,10,132805,384,24331,24412,54681,54730
2018-08-31 16:14:44.149910, 107,57,22,10,141882,384,23813,23856,56388,56438
2018-08-31 16:14:44.167730, 109,58,22,10,143139,384,62733,62827,56991,57041
2018-08-31 16:14:44.273964, 103,59,22,9,135721,384,18702,25163,60490,60540
2018-08-31 16:14:47.062919, 102,60,7,12,735663,385,62468,62510,20744,20794
2018-08-31 16:14:47.077176, 112,61,23,10,152277,384,53008,53116,21271,21321
2018-08-31 16:14:47.097767, 108,62,23,11,144252,384,57099,57180,21907,21957
2018-08-31 16:14:47.150096, 107,63,23,11,152705,384,56581,56624,23615,23665
2018-08-31 16:14:47.169205, 109,64,23,11,154181,384,29965,30059,24218,24268
2018-08-31 16:14:47.314520, 103,65,23,10,146212,384,51470,59211,28997,29047
2018-08-31 16:14:50.072124, 102,66,8,13,750880,385,29956,29998,53762,53812
2018-08-31 16:14:50.100111, 108,67,24,12,256187,384,24331,24412,54669,54719
2018-08-31 16:14:50.153056, 107,68,24,12,266938,384,23813,23856,56377,56427
2018-08-31 16:14:50.170166, 109,69,24,12,272484,384,62733,62827,56980,57030
2018-08-31 16:14:50.205359, 112,70,24,11,285322,400,24336,24444,58129,58179
2018-08-31 16:14:50.448360, 103,71,24,11,274380,400,22798,30795,574,625
2018-08-31 16:14:53.079781, 102,72,9,14,609162,385,62980,63022,21245,21295
2018-08-31 16:14:53.100735, 108,73,25,13,17888,384,57099,57180,21895,21945
2018-08-31 16:14:53.152108, 107,74,25,13,42504,384,56581,56624,23603,23653
2018-08-31 16:14:53.172913, 109,75,25,13,19777,384,29965,30059,24206,24256
2018-08-31 16:14:53.206703, 112,76,25,12,15338,384,57104,57212,25356,25406
2018-08-31 16:14:53.426414, 103,77,25,12,14991,384,55566,62795,32569,32619
2018-08-31 16:14:56.090546, 102,78,10,15,727306,385,30468,30510,54264,54314
2018-08-31 16:14:56.153358, 107,79,26,14,141692,384,23813,23856,56366,56416
2018-08-31 16:14:56.172727, 109,80,26,14,143332,384,62733,62827,56968,57018
2018-08-31 16:14:56.206354, 112,81,26,13,141104,384,24332,24441,58115,58165
2018-08-31 16:14:56.227064, 108,82,26,14,139727,400,28427,28508,58753,58803
2018-08-31 16:14:56.373254, 103,83,26,13,135620,384,22798,28235,63539,63589
2018-08-31 16:14:59.100695, 102,84,11,16,735316,385,63492,63534,21747,21796
2018-08-31 16:14:59.157636, 107,85,27,15,156091,384,56581,56624,23592,23642
2018-08-31 16:14:59.168791, 109,86,27,15,156767,383,29725,29819,23955,24004
2018-08-31 16:14:59.209485, 112,87,27,14,156119,384,57104,57212,25345,25395
2018-08-31 16:14:59.229475, 108,88,27,15,210034,384,61195,61276,25980,26030
2018-08-31 16:14:59.414762, 103,89,27,14,147604,384,55566,62283,32045,32095
2018-08-31 16:15:02.109612, 102,90,12,17,750487,385,30980,31022,54765,54815
2018-08-31 16:15:02.158234, 107,91,28,16,268484,384,23813,23856,56354,56404
2018-08-31 16:15:02.175991, 109,92,28,16,285111,385,62733,62827,56957,57007
2018-08-31 16:15:02.212459, 112,93,28,15,275757,384,24336,24444,58107,58157
2018-08-31 16:15:02.231240, 108,94,28,16,258439,384,28427,28508,58742,58792
2018-08-31 16:15:02.423056, 103,95,28,15,266046,384,22798,29771,65063,65113
2018-08-31 16:15:05.118780, 102,96,13,18,608686,385,64004,64046,22248,22298
2018-08-31 16:15:05.159551, 107,97,29,17,25681,384,56581,56624,23581,23631
2018-08-31 16:15:05.176385, 109,98,29,17,19830,384,29965,30059,24183,24233
2018-08-31 16:15:05.214149, 112,99,29,16,18601,384,57104,57212,25334,25384
2018-08-31 16:15:05.232802, 108,100,29,17,16216,384,61195,61276,25968,26018
2018-08-31 16:15:05.402150, 103,101,29,16,14888,384,55566,61771,31521,31572
2018-08-31 16:15:08.126659, 102,102,14,19,727195,385,31492,31534,55267,55316
2018-08-31 16:15:08.154435, 107,103,30,18,140842,383,23563,23607,56094,56143
2018-08-31 16:15:08.172343, 109,104,30,18,142382,383,62494,62588,56707,56757
2018-08-31 16:15:08.215530, 112,105,30,17,140832,384,24336,24444,58096,58146
2018-08-31 16:15:08.234384, 108,106,30,18,136175,384,28427,28508,58731,58781
2018-08-31 16:15:08.350315, 103,107,30,17,139475,384,22798,27211,62492,62542
2018-08-31 16:15:11.137672, 102,108,15,20,735500,385,64516,64558,22749,22800
2018-08-31 16:15:11.161611, 107,109,31,19,152966,385,56581,56624,23569,23619
2018-08-31 16:15:11.181326, 109,110,31,19,154702,385,29965,30059,24172,24222
2018-08-31 16:15:11.217194, 112,111,31,18,152488,384,57104,57212,25323,25373
2018-08-31 16:15:11.235027, 108,112,31,19,144017,384,61195,61276,25957,26007
2018-08-31 16:15:11.390414, 103,113,31,18,146278,384,55566,61259,30998,31048
2018-08-31 16:15:14.147075, 102,114,0,21,750373,385,32004,32046,55768,55819
2018-08-31 16:15:14.163898, 107,115,16,20,266658,384,23813,23856,56332,56382
2018-08-31 16:15:14.182680, 109,116,16,20,272411,384,62733,62827,56934,56984
2018-08-31 16:15:14.218086, 112,117,16,19,273261,384,24336,24444,58085,58135
2018-08-31 16:15:14.236808, 108,118,16,20,256263,384,28427,28508,58719,58769
2018-08-31 16:15:14.398005, 103,119,16,19,262182,384,22798,28747,64016,64066
2018-08-31 16:15:17.155473, 102,120,1,22,608735,385,65028,65070,23251,23301
2018-08-31 16:15:17.175693, 109,121,17,21,19215,383,29712,29820,23922,23972
2018-08-31 16:15:17.219203, 112,122,17,20,15571,384,57104,57212,25312,25362
2018-08-31 16:15:17.239271, 108,123,17,21,16051,384,61195,61276,25945,25995
2018-08-31 16:15:17.290236, 107,124,17,21,24125,400,60677,60720,27654,27704
2018-08-31 16:15:17.375603, 103,125,17,20,15052,384,55566,60747,30474,30524
2018-08-31 16:15:20.166537, 102,126,2,23,727072,385,32516,32558,56270,56319
2018-08-31 16:15:20.184479, 109,127,18,22,143677,385,62733,62827,56923,56973
2018-08-31 16:15:20.220727, 112,128,18,21,141200,384,24336,24444,58074,58125
2018-08-31 16:15:20.240492, 108,129,18,22,132624,384,28427,28508,58708,58758
2018-08-31 16:15:20.292508, 107,130,18,22,141643,384,27909,27952,60416,60466
2018-08-31 16:15:20.447643, 103,131,18,21,135888,384,22798,30283,4,54
2018-08-31 16:15:23.175394, 102,132,3,24,735230,385,6,48,23754,23804
2018-08-31 16:15:23.224145, 112,133,19,22,152723,384,57128,57236,25325,25375
2018-08-31 16:15:23.241046, 108,134,19,23,144221,384,61195,61276,25934,25984
2018-08-31 16:15:23.292051, 107,135,19,23,152548,384,60677,60720,27643,27692
2018-08-31 16:15:23.305922, 109,136,19,23,160657,399,33812,33920,28010,28060
2018-08-31 16:15:23.364090, 103,137,19,22,146341,384,55566,60235,29951,30001
2018-08-31 16:15:26.183820, 102,138,4,25,750136,385,33028,33070,56771,56821
2018-08-31 16:15:26.224041, 112,139,20,23,272933,384,24336,24444,58063,58114
2018-08-31 16:15:26.243688, 108,140,20,24,256445,384,28427,28508,58696,58746
2018-08-31 16:15:26.296245, 107,141,20,24,266639,384,27909,27952,60405,60455
2018-08-31 16:15:26.313349, 109,142,20,24,273019,385,1293,1387,61007,61057
2018-08-31 16:15:26.374756, 103,143,20,23,262001,384,22798,27723,62969,63019
2018-08-31 16:15:29.193576, 102,144,5,26,609432,385,516,558,24254,24303
2018-08-31 16:15:29.226248, 112,145,21,24,17508,384,57105,57214,25291,25341
2018-08-31 16:15:29.244046, 108,146,21,25,18134,384,61195,61276,25923,25972
2018-08-31 16:15:29.295864, 107,147,21,25,22243,384,60677,60720,27631,27681
2018-08-31 16:15:29.315400, 109,148,21,25,40285,384,34061,34155,28234,28284
2018-08-31 16:15:29.352498, 103,149,21,24,16940,384,55566,59723,29427,29477
2018-08-31 16:15:32.202950, 102,150,6,27,727081,385,33540,33582,57272,57322
2018-08-31 16:15:32.227999, 112,151,22,25,141399,384,24356,24465,58073,58124
2018-08-31 16:15:32.245829, 108,152,22,26,132837,384,28427,28508,58685,58735
2018-08-31 16:15:32.298150, 107,153,22,26,141427,384,27909,27952,60394,60443
2018-08-31 16:15:32.317023, 109,154,22,26,143169,384,1293,1387,60996,61046
2018-08-31 16:15:32.424384, 103,155,22,25,135976,384,22798,29259,64493,64543
2018-08-31 16:15:35.211503, 102,156,7,28,735341,385,1028,1070,24755,24805
2018-08-31 16:15:35.229146, 112,157,23,26,152758,384,57104,57212,25279,25329
2018-08-31 16:15:35.247157, 108,158,23,27,144296,384,61195,61276,25911,25961
2018-08-31 16:15:35.300941, 107,159,23,27,152334,384,60677,60720,27620,27670
2018-08-31 16:15:35.317900, 109,160,23,27,154150,384,34061,34155,28222,28272
2018-08-31 16:15:35.462863, 103,161,23,26,146371,384,55566,63307,32999,33049
2018-08-31 16:15:38.221232, 102,162,8,29,750009,385,34052,34094,57774,57824
2018-08-31 16:15:38.249177, 108,163,24,28,258430,384,28427,28508,58673,58723
2018-08-31 16:15:38.302335, 107,164,24,28,268222,384,27909,27952,60382,60433
2018-08-31 16:15:38.320296, 109,165,24,28,274079,384,1293,1387,60985,61035
2018-08-31 16:15:38.355449, 112,166,24,27,305244,400,28432,28540,62137,62187
2018-08-31 16:15:38.598741, 103,167,24,27,275066,400,26894,34891,4577,4627
2018-08-31 16:15:41.230999, 102,168,9,30,609507,385,1540,1582,25257,25306
2018-08-31 16:15:41.250720, 108,169,25,29,34170,384,61195,61276,25900,25949
2018-08-31 16:15:41.321495, 109,170,25,29,21884,384,34061,34155,28211,28261
2018-08-31 16:15:41.357462, 112,171,25,28,16903,384,61200,61308,29363,29413
2018-08-31 16:15:41.576539, 103,172,25,28,14797,384,59662,1355,36571,36622
2018-08-31 16:15:44.241808, 102,173,10,31,727039,385,34564,34606,58275,58325
2018-08-31 16:15:44.304935, 107,174,26,29,44484,768,27909,27952,60371,60422
2018-08-31 16:15:44.322844, 109,175,26,30,143277,384,1293,1387,60973,61023
2018-08-31 16:15:44.358970, 112,176,26,29,141636,384,28433,28542,62127,62177
2018-08-31 16:15:44.375927, 108,177,26,30,139574,400,32523,32604,62758,62808
2018-08-31 16:15:44.522320, 103,178,26,29,135931,384,26894,32331,2006,2057
2018-08-31 16:15:47.248781, 102,179,11,32,735094,385,2052,2094,25758,25808
2018-08-31 16:15:47.297386, 107,180,27,30,151221,383,60428,60472,27348,27399
2018-08-31 16:15:47.316213, 109,181,27,31,152976,383,33821,33914,27959,28009
2018-08-31 16:15:47.360099, 112,182,27,30,152639,384,61200,61308,29352,29402
2018-08-31 16:15:47.378362, 108,183,27,31,144283,384,65291,65372,29984,30034
2018-08-31 16:15:47.562978, 103,184,27,30,146273,384,59662,843,36048,36099
2018-08-31 16:15:50.259036, 102,185,12,33,749801,385,35076,35118,58777,58826
2018-08-31 16:15:50.326523, 109,186,28,32,272778,385,1293,1387,60962,61012
2018-08-31 16:15:50.361385, 112,187,28,31,272946,384,28432,28540,62115,62165
2018-08-31 16:15:50.379093, 108,188,28,32,255880,384,32523,32604,62746,62796
2018-08-31 16:15:50.572365, 103,189,28,31,261876,384,26894,33867,3530,3580
2018-08-31 16:15:53.269456, 102,190,13,34,608725,385,2564,2606,26259,26309
2018-08-31 16:15:53.307879, 107,191,29,31,533184,769,60677,60720,27586,27636
2018-08-31 16:15:53.327419, 109,192,29,33,19899,384,34061,34155,28188,28238
2018-08-31 16:15:53.362507, 112,193,29,32,15643,384,61206,61314,29347,29397
2018-08-31 16:15:53.381509, 108,194,29,33,15956,384,65291,65372,29972,30022
2018-08-31 16:15:53.551237, 103,195,29,32,15059,384,59662,331,35524,35574
2018-08-31 16:15:56.277606, 102,196,14,35,728406,385,35588,35630,59278,59328
2018-08-31 16:15:56.310080, 107,197,30,32,143852,384,27909,27952,60348,60398
2018-08-31 16:15:56.320914, 109,198,30,34,144390,383,1040,1149,60712,60762
2018-08-31 16:15:56.362777, 112,199,30,33,143086,384,28432,28540,62104,62154
2018-08-31 16:15:56.383640, 108,200,30,34,134646,384,32523,32604,62735,62785
2018-08-31 16:15:56.498448, 103,201,30,33,156475,384,26894,31307,958,1008
2018-08-31 16:15:59.285529, 102,202,15,36,734653,385,3076,3118,26761,26810
2018-08-31 16:15:59.313269, 107,203,31,33,154378,384,60677,60720,27574,27624
2018-08-31 16:15:59.331087, 109,204,31,35,154682,385,34061,34155,28177,28227
2018-08-31 16:15:59.366057, 112,205,31,34,185898,384,61200,61308,29330,29380
2018-08-31 16:15:59.385622, 108,206,31,35,145397,384,65291,65372,29961,30011
2018-08-31 16:15:59.538392, 103,207,31,34,148007,384,59662,65355,35000,35050
2018-08-31 16:16:02.294922, 102,208,0,37,749628,385,36100,36142,59779,59829
2018-08-31 16:16:02.313389, 107,209,16,34,266521,384,27909,27952,60337,60387
2018-08-31 16:16:02.331242, 109,210,16,36,272293,384,1293,1387,60939,60989
2018-08-31 16:16:02.367301, 112,211,16,35,273453,384,28432,28540,62093,62143
2018-08-31 16:16:02.387104, 108,212,16,36,256320,384,32523,32604,62723,62773
2018-08-31 16:16:02.547932, 103,213,16,35,262193,384,26894,32846,2486,2536
2018-08-31 16:16:05.305777, 102,214,1,38,608683,385,3588,3630,27262,27312
2018-08-31 16:16:05.333129, 109,215,17,37,19822,384,34061,34155,28166,28215
2018-08-31 16:16:05.368355, 112,216,17,36,15820,384,61200,61308,29319,29369
2018-08-31 16:16:05.387922, 108,217,17,37,16155,384,65291,65372,29949,29999
2018-08-31 16:16:05.439785, 107,218,17,35,24183,400,64773,64816,31659,31709
2018-08-31 16:16:05.525860, 103,219,17,36,15212,384,59662,64843,34477,34527
2018-08-31 16:16:08.315412, 102,220,2,39,727046,385,36612,36654,60281,60331
2018-08-31 16:16:08.334989, 109,221,18,38,143215,384,1293,1387,60928,60978
2018-08-31 16:16:08.370197, 112,222,18,37,141282,384,28432,28540,62082,62132
2018-08-31 16:16:08.389770, 108,223,18,38,132626,384,32523,32604,62712,62762
2018-08-31 16:16:08.441592, 107,224,18,36,141533,384,32005,32048,64421,64471
2018-08-31 16:16:08.598195, 103,225,18,37,135857,384,26894,34379,4007,4057
2018-08-31 16:16:11.324766, 102,226,3,40,735118,385,4100,4142,27764,27813
2018-08-31 16:16:11.371723, 112,227,19,38,152335,384,61200,61308,29308,29358
2018-08-31 16:16:11.391250, 108,228,19,39,144270,384,65291,65372,29938,29988
2018-08-31 16:16:11.443144, 107,229,19,37,152399,384,64773,64816,31647,31697
2018-08-31 16:16:11.461666, 109,230,19,39,161485,400,38157,38251,32250,32300
2018-08-31 16:16:11.513541, 103,231,19,38,146334,384,59662,64331,33953,34003
2018-08-31 16:16:14.334238, 102,232,4,41,749521,385,37124,37166,60782,60832
2018-08-31 16:16:14.373348, 112,233,20,39,272540,384,28432,28540,62071,62121
2018-08-31 16:16:14.391951, 108,234,20,40,256474,384,32523,32604,62700,62750
2018-08-31 16:16:14.444759, 107,235,20,38,266461,384,32005,32048,64410,64460
2018-08-31 16:16:14.463324, 109,236,20,40,272146,384,5389,5483,65012,65062
2018-08-31 16:16:14.523022, 103,237,20,39,261804,384,26894,31819,1435,1485
2018-08-31 16:16:17.342901, 102,238,5,42,608690,385,4612,4654,28265,28315
2018-08-31 16:16:17.374190, 112,239,21,40,15349,384,61200,61308,29297,29347
2018-08-31 16:16:17.393756, 108,240,21,41,16156,384,65291,65372,29927,29976
2018-08-31 16:16:17.446610, 107,241,21,39,22209,384,64773,64816,31636,31686
2018-08-31 16:16:17.464220, 109,242,21,41,19919,384,38157,38251,32239,32288
2018-08-31 16:16:17.500381, 103,243,21,40,15109,384,59662,63819,33429,33479
2018-08-31 16:16:20.352876, 102,244,6,43,726794,385,37636,37678,61284,61333
2018-08-31 16:16:20.376316, 112,245,22,41,140561,384,28432,28540,62060,62110
2018-08-31 16:16:20.395904, 108,246,22,42,132861,384,32523,32604,62689,62739
2018-08-31 16:16:20.447759, 107,247,22,40,141555,384,32005,32048,64398,64448
2018-08-31 16:16:20.466353, 109,248,22,42,143098,384,5389,5483,65001,65051
2018-08-31 16:16:20.572954, 103,249,22,41,135987,384,26894,33355,2959,3009
2018-08-31 16:16:23.361935, 102,250,7,44,735123,385,5124,5166,28766,28816
2018-08-31 16:16:23.377600, 112,251,23,42,151947,384,61200,61308,29286,29336
2018-08-31 16:16:23.397185, 108,252,23,43,144287,384,65291,65372,29915,29966
2018-08-31 16:16:23.449033, 107,253,23,41,152480,384,64773,64816,31625,31675
2018-08-31 16:16:23.467589, 109,254,23,43,154113,384,38157,38251,32227,32277
2018-08-31 16:16:23.613359, 103,255,23,42,146359,384,59662,1867,37002,37052
2018-08-31 16:16:26.371654, 102,256,8,45,749406,385,38148,38190,61785,61835
2018-08-31 16:16:26.398108, 108,257,24,44,256170,384,32523,32604,62677,62728
2018-08-31 16:16:26.450915, 107,258,24,42,266594,384,32005,32048,64387,64437
2018-08-31 16:16:26.469509, 109,259,24,44,272244,384,5389,5483,64990,65040
2018-08-31 16:16:26.504728, 112,260,24,43,283536,400,32528,32636,608,658
2018-08-31 16:16:26.748266, 103,261,24,43,273937,400,30990,38987,8579,8629
2018-08-31 16:16:29.380656, 102,262,9,46,608486,385,5636,5678,29268,29317
2018-08-31 16:16:29.400195, 108,263,25,45,16159,384,65291,65372,29904,29954
2018-08-31 16:16:29.470590, 109,264,25,45,19920,384,38157,38251,32216,32267
2018-08-31 16:16:29.505742, 112,265,25,44,15061,384,65296,65404,33371,33421
2018-08-31 16:16:29.725860, 103,266,25,44,15358,384,63758,5451,40574,40624
2018-08-31 16:16:32.389919, 102,267,10,47,726716,385,38660,38702,62286,62336
2018-08-31 16:16:32.453474, 107,268,26,43,61377,768,32005,32048,64376,64426
2018-08-31 16:16:32.472069, 109,269,26,46,143239,384,5389,5483,64978,65029
2018-08-31 16:16:32.507296, 112,270,26,45,141631,384,32526,32635,596,646
2018-08-31 16:16:32.526861, 108,271,26,46,141434,400,36619,36700,1226,1275
2018-08-31 16:16:32.672625, 103,272,26,45,135971,384,30990,36427,6008,6058
2018-08-31 16:16:35.399523, 102,273,11,48,735038,385,6148,6190,29769,29819
2018-08-31 16:16:35.447418, 107,274,27,44,151300,383,64519,64563,31348,31398
2018-08-31 16:16:35.466068, 109,275,27,47,152933,383,37917,38011,31965,32015
2018-08-31 16:16:35.509108, 112,276,27,46,151992,384,65296,65404,33360,33410
2018-08-31 16:16:35.528651, 108,277,27,47,144307,384,3851,3932,33988,34038
2018-08-31 16:16:35.712758, 103,278,27,46,146161,384,63758,4939,40050,40100
2018-08-31 16:16:38.408374, 102,279,12,49,749299,385,39172,39214,62788,62838
2018-08-31 16:16:38.456343, 107,280,28,45,266944,385,32005,32048,64364,64414
2018-08-31 16:16:38.474934, 109,281,28,48,272697,385,5389,5483,64967,65017
2018-08-31 16:16:38.510173, 112,282,28,47,273405,384,32528,32636,586,636
2018-08-31 16:16:38.529716, 108,283,28,48,255912,384,36619,36700,1214,1264
2018-08-31 16:16:38.722420, 103,284,28,47,265111,384,30990,37963,7532,7582
2018-08-31 16:16:41.418391, 102,285,13,50,608791,385,6660,6702,30270,30320
2018-08-31 16:16:41.458462, 107,286,29,46,22188,384,64773,64816,31591,31641
2018-08-31 16:16:41.468214, 109,287,29,49,19016,383,37901,37995,31937,31987
2018-08-31 16:16:41.512234, 112,288,29,48,15613,384,65310,65418,33363,33413
2018-08-31 16:16:41.530816, 108,289,29,49,16064,384,3851,3932,33976,34026
2018-08-31 16:16:41.826228, 103,290,29,48,15221,384,63758,8523,43622,43672
2018-08-31 16:16:44.427677, 102,291,14,51,726886,385,39684,39726,63289,63339
2018-08-31 16:16:44.459933, 107,292,30,47,141529,384,32005,32048,64353,64403
2018-08-31 16:16:44.471671, 109,293,30,50,142634,384,5151,5244,64717,64767
2018-08-31 16:16:44.513733, 112,294,30,49,140684,384,32528,32636,575,625
2018-08-31 16:16:44.532314, 108,295,30,50,132327,384,36619,36700,1203,1253
2018-08-31 16:16:44.647734, 103,296,30,49,135828,384,30990,35403,4961,5011
2018-08-31 16:16:47.436656, 102,297,15,52,735159,385,7172,7214,30772,30822
2018-08-31 16:16:47.461114, 107,298,31,48,152315,384,64773,64816,31579,31629
2018-08-31 16:16:47.479729, 109,299,31,51,154654,385,38157,38251,32182,32232
2018-08-31 16:16:47.514951, 112,300,31,50,152093,384,65296,65404,33338,33388
2018-08-31 16:16:47.534477, 108,301,31,51,143904,384,3851,3932,33965,34015
2018-08-31 16:16:47.688034, 103,302,31,50,146270,384,63758,3915,39003,39053
2018-08-31 16:16:50.446416, 102,303,0,53,749213,385,40196,40238,63791,63840
2018-08-31 16:16:50.464023, 107,304,16,49,266400,384,32005,32048,64341,64391
2018-08-31 16:16:50.481627, 109,305,16,52,272175,384,5389,5483,64944,64994
2018-08-31 16:16:50.516794, 112,306,16,51,272387,384,32528,32636,564,614
2018-08-31 16:16:50.535408, 108,307,16,52,256247,384,36619,36700,1191,1241
2018-08-31 16:16:50.697289, 103,308,16,51,262004,384,30990,36939,6485,6535
2018-08-31 16:16:53.455080, 102,309,1,54,608857,385,7684,7726,31273,31323
2018-08-31 16:16:53.475619, 109,310,17,53,19311,383,37904,38013,31932,31982
2018-08-31 16:16:53.517644, 112,311,17,52,15703,384,65296,65404,33327,33377
2018-08-31 16:16:53.537178, 108,312,17,53,16150,384,3851,3932,33953,34003
2018-08-31 16:16:53.589048, 107,313,17,50,24192,400,3333,3376,35664,35713
2018-08-31 16:16:53.675052, 103,314,17,52,15350,384,63758,3403,38479,38529
2018-08-31 16:16:56.464990, 102,315,2,55,726930,385,40708,40750,64292,64342
2018-08-31 16:16:56.484511, 109,316,18,54,143581,385,5389,5483,64933,64982
2018-08-31 16:16:56.519722, 112,317,18,53,140999,384,32528,32636,553,603
2018-08-31 16:16:56.538310, 108,318,18,54,132669,384,36619,36700,1180,1230
2018-08-31 16:16:56.591135, 107,319,18,51,141454,384,36101,36144,2890,2940
2018-08-31 16:16:56.747626, 103,320,18,53,135917,384,30990,38475,8009,8059
2018-08-31 16:16:59.473856, 102,321,3,56,735010,385,8196,8238,31775,31824
2018-08-31 16:16:59.520845, 112,322,19,54,152327,384,65296,65404,33316,33366
2018-08-31 16:16:59.540361, 108,323,19,55,144252,384,3851,3932,33942,33992
2018-08-31 16:16:59.592534, 107,324,19,52,152312,384,3333,3376,35652,35702
2018-08-31 16:16:59.611155, 109,325,19,55,161495,400,42253,42347,36255,36305
2018-08-31 16:16:59.662968, 103,326,19,54,146368,384,63758,2891,37956,38005
2018-08-31 16:17:02.483792, 102,327,4,57,749158,385,41220,41262,64793,64843
2018-08-31 16:17:02.522860, 112,328,20,55,272258,384,32528,32636,542,592
2018-08-31 16:17:02.541442, 108,329,20,56,256424,384,36619,36700,1168,1218
2018-08-31 16:17:02.594284, 107,330,20,53,266360,384,36101,36144,2879,2928
2018-08-31 16:17:02.612876, 109,331,20,56,272069,384,9485,9579,3481,3531
2018-08-31 16:17:02.672521, 103,332,20,55,261733,384,30990,35915,5438,5488
2018-08-31 16:17:05.493115, 102,333,5,58,608888,385,8708,8750,32276,32326
2018-08-31 16:17:05.524422, 112,334,21,56,15597,384,65296,65404,33305,33355
2018-08-31 16:17:05.543004, 108,335,21,57,16203,384,3851,3932,33931,33980
2018-08-31 16:17:05.595785, 107,336,21,54,22254,384,3333,3376,35641,35691
2018-08-31 16:17:05.614374, 109,337,21,57,19953,384,42253,42347,36243,36293
2018-08-31 16:17:05.650616, 103,338,21,56,15270,384,63758,2379,37432,37482
2018-08-31 16:17:08.502118, 102,339,6,59,727026,385,41732,41774,65295,65345
2018-08-31 16:17:08.525547, 112,340,22,57,140931,384,32528,32636,531,581
2018-08-31 16:17:08.545126, 108,341,22,58,132795,384,36619,36700,1157,1207
2018-08-31 16:17:08.596992, 107,342,22,55,141251,384,36101,36144,2867,2917
2018-08-31 16:17:08.615580, 109,343,22,58,143078,384,9485,9579,3470,3520
2018-08-31 16:17:08.722147, 103,344,22,57,136026,384,30990,37451,6962,7012
2018-08-31 16:17:11.511262, 102,345,7,60,734873,385,9220,9262,32778,32827
2018-08-31 16:17:11.526915, 112,346,23,58,152557,384,65296,65404,33294,33344
2018-08-31 16:17:11.546532, 108,347,23,59,144288,384,3851,3932,33919,33969
2018-08-31 16:17:11.598310, 107,348,23,56,152179,384,3333,3376,35630,35679
2018-08-31 16:17:11.616890, 109,349,23,59,154086,384,42253,42347,36232,36282
2018-08-31 16:17:11.762631, 103,350,23,58,146410,384,63758,5963,41004,41054
2018-08-31 16:17:14.520752, 102,351,8,61,749080,385,42244,42286,260,310
2018-08-31 16:17:14.548132, 108,352,24,60,256119,384,36619,36700,1145,1195
2018-08-31 16:17:14.599977, 107,353,24,57,266514,384,36101,36144,2856,2906
2018-08-31 16:17:14.618602, 109,354,24,60,272215,384,9485,9579,3458,3508
2018-08-31 16:17:14.653762, 112,355,24,59,284656,400,36624,36732,4616,4666
2018-08-31 16:17:14.897040, 103,356,24,59,273939,400,35086,43083,12582,12632
2018-08-31 16:17:17.530483, 102,357,9,62,608600,385,9732,9774,33279,33329
2018-08-31 16:17:17.549053, 108,358,25,61,18850,384,3851,3932,33908,33957
2018-08-31 16:17:17.601840, 107,359,25,58,22238,384,3333,3376,35618,35668
2018-08-31 16:17:17.620445, 109,360,25,61,20028,384,42253,42347,36221,36271
2018-08-31 16:17:17.655673, 112,361,25,60,17364,384,3856,3964,37378,37428
2018-08-31 16:17:17.875499, 103,362,25,60,15499,384,2318,9547,44576,44626
2018-08-31 16:17:20.539085, 102,363,10,63,726966,385,42756,42798,762,811
2018-08-31 16:17:20.603631, 107,364,26,59,141384,384,36101,36144,2844,2894
2018-08-31 16:17:20.621207, 109,365,26,62,143247,384,9485,9579,3447,3497
2018-08-31 16:17:20.656490, 112,366,26,61,141517,384,36621,36730,4602,4652
2018-08-31 16:17:20.676011, 108,367,26,62,139209,400,40715,40796,5230,5279
2018-08-31 16:17:20.823706, 103,368,26,61,136025,384,35086,40523,10010,10060
2018-08-31 16:17:23.548914, 102,369,11,64,735074,385,10244,10286,33780,33830
2018-08-31 16:17:23.604657, 107,370,27,60,152224,384,3333,3376,35607,35657
2018-08-31 16:17:23.616364, 109,371,27,63,152940,383,42018,42112,35974,36024
2018-08-31 16:17:23.658479, 112,372,27,62,152916,384,3856,3964,37367,37417
2018-08-31 16:17:23.677045, 108,373,27,63,143805,384,7947,8028,37992,38042
2018-08-31 16:17:23.862892, 103,374,27,62,146514,384,2318,9035,44053,44103
2018-08-31 16:17:26.558215, 102,375,12,65,749057,385,43268,43310,1263,1313
2018-08-31 16:17:26.624729, 109,376,28,64,272653,385,9485,9579,3436,3485
2018-08-31 16:17:26.659932, 112,377,28,63,272862,384,36624,36732,4594,4644
2018-08-31 16:17:26.678534, 108,378,28,64,256374,384,40715,40796,5218,5268
2018-08-31 16:17:26.872198, 103,379,28,63,261904,384,35086,42059,11535,11585
2018-08-31 16:17:29.567307, 102,380,13,66,608815,385,10756,10798,34282,34331
2018-08-31 16:17:29.607410, 107,381,29,61,532145,768,3333,3376,35595,35645
2018-08-31 16:17:29.626009, 109,382,29,65,19959,384,42253,42347,36198,36248
2018-08-31 16:17:29.662203, 112,383,29,64,16255,384,3861,3970,37362,37412
2018-08-31 16:17:29.680793, 108,384,29,65,16406,384,7947,8028,37980,38030
2018-08-31 16:17:29.848988, 103,385,29,64,15458,384,2318,8523,43529,43579
2018-08-31 16:17:32.576844, 102,386,14,67,726872,385,43780,43822,1764,1814
2018-08-31 16:17:32.609114, 107,387,30,62,141806,384,36101,36144,2822,2872
2018-08-31 16:17:32.620840, 109,388,30,66,142327,383,9247,9340,3186,3236
2018-08-31 16:17:32.662944, 112,389,30,65,141464,384,36624,36732,4583,4633
2018-08-31 16:17:32.681524, 108,390,30,66,132325,384,40715,40796,5207,5257
2018-08-31 16:17:32.796984, 103,391,30,65,136168,384,35086,39499,8963,9013
2018-08-31 16:17:35.586090, 102,392,15,68,735081,385,11268,11310,34783,34833
2018-08-31 16:17:35.610527, 107,393,31,63,152234,384,3333,3376,35584,35634
2018-08-31 16:17:35.629081, 109,394,31,67,154645,385,42253,42347,36187,36236
2018-08-31 16:17:35.664283, 112,395,31,66,152918,384,3856,3964,37345,37395
2018-08-31 16:17:35.683886, 108,396,31,67,143991,384,7947,8028,37969,38019
2018-08-31 16:17:35.837449, 103,397,31,66,146579,384,2318,8011,43005,43055
2018-08-31 16:17:38.595163, 102,398,0,69,749146,385,44292,44334,2266,2316
2018-08-31 16:17:38.612725, 107,399,16,64,266323,384,36101,36144,2810,2860
2018-08-31 16:17:38.630364, 109,400,16,68,272144,384,9485,9579,3413,3463
2018-08-31 16:17:38.665623, 112,401,16,67,272443,384,36624,36732,4572,4622
2018-08-31 16:17:38.685147, 108,402,16,68,256254,384,40715,40796,5195,5245
2018-08-31 16:17:38.847097, 103,403,16,67,262126,384,35086,41035,10487,10537
2018-08-31 16:17:41.604956, 102,404,1,70,608248,385,11780,11822,35285,35335
2018-08-31 16:17:41.624523, 109,405,17,69,20547,383,42000,42108,35937,35987
2018-08-31 16:17:41.667622, 112,406,17,68,37985,384,3856,3964,37334,37385
2018-08-31 16:17:41.686147, 108,407,17,69,17438,384,7947,8028,37957,38007
2018-08-31 16:17:41.738960, 107,408,17,65,26003,400,7429,7472,39668,39718
2018-08-31 16:17:41.824663, 103,409,17,68,16518,384,2318,7499,42482,42532
2018-08-31 16:17:44.614422, 102,410,2,71,726890,385,44804,44846,2767,2818
2018-08-31 16:17:44.633946, 109,411,18,70,143603,385,9485,9579,3401,3451
2018-08-31 16:17:44.669257, 112,412,18,69,141222,384,36624,36732,4561,4611
2018-08-31 16:17:44.687787, 108,413,18,70,132649,384,40715,40796,5184,5234
2018-08-31 16:17:44.740650, 107,414,18,66,141464,384,40197,40240,6895,6945
2018-08-31 16:17:44.896124, 103,415,18,69,135966,384,35086,42571,12012,12062
2018-08-31 16:17:47.625378, 102,416,3,72,735022,385,12292,12334,35786,35836
2018-08-31 16:17:47.670380, 112,417,19,70,152578,384,3856,3964,37323,37373
2018-08-31 16:17:47.689917, 108,418,19,71,144245,384,7947,8028,37946,37996
2018-08-31 16:17:47.741737, 107,419,19,67,152272,384,7429,7472,39657,39707
2018-08-31 16:17:47.760303, 109,420,19,71,161474,400,46349,46443,40260,40309
2018-08-31 16:17:47.812186, 103,421,19,70,146593,384,2318,6987,41958,42008
2018-08-31 16:17:50.632883, 102,422,4,73,749241,385,45316,45358,3269,3318
2018-08-31 16:17:50.672033, 112,423,20,71,274940,384,36624,36732,4550,4600
2018-08-31 16:17:50.691593, 108,424,20,72,256433,384,40715,40796,5172,5222
2018-08-31 16:17:50.743425, 107,425,20,68,266390,384,40197,40240,6883,6933
2018-08-31 16:17:50.761981, 109,426,20,72,275436,384,13581,13675,7486,7536
2018-08-31 16:17:50.821650, 103,427,20,71,262859,384,35086,40011,9440,9490
2018-08-31 16:17:53.642495, 102,428,5,74,608708,385,12804,12846,36287,36337
2018-08-31 16:17:53.673834, 112,429,21,72,16171,384,3856,3964,37312,37362
2018-08-31 16:17:53.692379, 108,430,21,73,16276,384,7947,8028,37934,37984
2018-08-31 16:17:53.745190, 107,431,21,69,22283,384,7429,7472,39646,39696
2018-08-31 16:17:53.763778, 109,432,21,73,19993,384,46349,46443,40248,40298
2018-08-31 16:17:53.799981, 103,433,21,72,15397,384,2318,6475,41434,41485
2018-08-31 16:17:56.651578, 102,434,6,75,726787,385,45828,45870,3770,3820
2018-08-31 16:17:56.675057, 112,435,22,73,141419,384,36624,36732,4539,4589
2018-08-31 16:17:56.694610, 108,436,22,74,132823,384,40715,40796,5161,5211
2018-08-31 16:17:56.746448, 107,437,22,70,141150,384,40197,40240,6872,6923
2018-08-31 16:17:56.765040, 109,438,22,74,143144,384,13581,13675,7475,7524
2018-08-31 16:17:56.871662, 103,439,22,73,135941,384,35086,41547,10964,11015
2018-08-31 16:17:59.660785, 102,440,7,76,735039,385,13316,13358,36789,36839
2018-08-31 16:17:59.676457, 112,441,23,74,152763,384,3856,3964,37301,37351
2018-08-31 16:17:59.695963, 108,442,23,75,144347,384,7947,8028,37923,37973
2018-08-31 16:17:59.747828, 107,443,23,71,152118,384,7429,7472,39634,39685
2018-08-31 16:17:59.766373, 109,444,23,75,154104,384,46349,46443,40237,40287
2018-08-31 16:17:59.912114, 103,445,23,74,146340,384,2318,10059,45007,45057
2018-08-31 16:18:02.670075, 102,446,8,77,749288,385,46340,46382,4272,4321
2018-08-31 16:18:02.697459, 108,447,24,76,256196,384,40715,40796,5149,5199
2018-08-31 16:18:02.749379, 107,448,24,72,266605,384,40197,40240,6861,6910
2018-08-31 16:18:02.767923, 109,449,24,76,272197,384,13581,13675,7463,7513
2018-08-31 16:18:02.803004, 112,450,24,75,284935,400,40720,40828,8623,8673
2018-08-31 16:18:03.046145, 103,451,24,75,273471,400,39182,47179,16584,16634
2018-08-31 16:18:05.679113, 102,452,9,78,608709,385,13828,13870,37290,37340
2018-08-31 16:18:05.698672, 108,453,25,77,16152,384,7947,8028,37912,37961
2018-08-31 16:18:05.750512, 107,454,25,73,22262,384,7429,7472,39623,39673
2018-08-31 16:18:05.769128, 109,455,25,77,20042,384,46349,46443,40225,40275
2018-08-31 16:18:05.805322, 112,456,25,76,16116,384,7952,8060,41386,41436
2018-08-31 16:18:06.024136, 103,457,25,76,15329,384,6414,13643,48579,48629
2018-08-31 16:18:08.689114, 102,458,10,79,723520,385,46852,46894,4773,4823
2018-08-31 16:18:08.752400, 107,459,26,74,143082,384,40197,40240,6849,6899
2018-08-31 16:18:08.770986, 109,460,26,78,145149,384,13581,13675,7452,7502
2018-08-31 16:18:08.806204, 112,461,26,77,143175,384,40717,40825,8609,8659
2018-08-31 16:18:08.825716, 108,462,26,78,141366,400,44811,44892,9234,9283
2018-08-31 16:18:08.971510, 103,463,26,77,137344,384,39182,44619,14013,14063
2018-08-31 16:18:11.698354, 102,464,11,80,735133,385,14340,14382,37792,37841
2018-08-31 16:18:11.754104, 107,465,27,75,152804,384,7429,7472,39612,39662
2018-08-31 16:18:11.765900, 109,466,27,79,157139,383,46114,46208,39979,40029
2018-08-31 16:18:11.807905, 112,467,27,78,156716,384,7952,8060,41375,41425
2018-08-31 16:18:11.826491, 108,468,27,79,148080,384,12043,12124,41996,42046
2018-08-31 16:18:12.012325, 103,469,27,78,150254,384,6414,13131,48055,48105
2018-08-31 16:18:14.708304, 102,470,12,81,749409,385,47364,47406,5274,5324
2018-08-31 16:18:14.755259, 107,471,28,76,269689,384,40197,40240,6838,6888
2018-08-31 16:18:14.773832, 109,472,28,80,272663,385,13581,13675,7440,7490
2018-08-31 16:18:14.809067, 112,473,28,79,272682,384,40720,40828,8601,8651
2018-08-31 16:18:14.828641, 108,474,28,80,255859,384,44811,44892,9222,9272
2018-08-31 16:18:15.021299, 103,475,28,79,262129,384,39182,46155,15537,15587
2018-08-31 16:18:17.716766, 102,476,13,82,608751,385,14852,14894,38293,38343
2018-08-31 16:18:17.756871, 107,477,29,77,22135,384,7429,7472,39600,39650
2018-08-31 16:18:17.775452, 109,478,29,81,19991,384,46349,46443,40203,40253
2018-08-31 16:18:17.810665, 112,479,29,80,16054,384,7952,8060,41364,41414
2018-08-31 16:18:17.830233, 108,480,29,81,16049,384,12043,12124,41984,42034
2018-08-31 16:18:17.999445, 103,481,29,80,15632,384,6414,12619,47531,47581
2018-08-31 16:18:20.726434, 102,482,14,83,726857,385,47876,47918,5776,5825
2018-08-31 16:18:20.758709, 107,483,30,78,141428,384,40197,40240,6827,6876
2018-08-31 16:18:20.770478, 109,484,30,82,142293,383,13343,13436,7191,7240
2018-08-31 16:18:20.812520, 112,485,30,81,141223,384,40720,40828,8590,8640
2018-08-31 16:18:20.831096, 108,486,30,82,132333,384,44811,44892,9211,9260
2018-08-31 16:18:20.946551, 103,487,30,81,136334,384,39182,43595,12966,13016
2018-08-31 16:18:23.736213, 102,488,15,84,736013,385,15364,15406,38794,38844
2018-08-31 16:18:23.759691, 107,489,31,79,154248,384,7429,7472,39589,39639
2018-08-31 16:18:23.778273, 109,490,31,83,157342,385,46349,46443,40191,40241
2018-08-31 16:18:23.813441, 112,491,31,82,154055,384,7952,8060,41353,41403
2018-08-31 16:18:23.833001, 108,492,31,83,162063,384,12043,12124,41973,42023
2018-08-31 16:18:23.986608, 103,493,31,82,146730,384,6414,12107,47008,47058
2018-08-31 16:18:26.744891, 102,494,0,85,749480,385,48388,48430,6277,6327
2018-08-31 16:18:26.762540, 107,495,16,80,266439,384,40197,40240,6815,6865
2018-08-31 16:18:26.780102, 109,496,16,84,272189,384,13581,13675,7418,7467
2018-08-31 16:18:26.815313, 112,497,16,83,272375,384,40720,40828,8579,8629
2018-08-31 16:18:26.834885, 108,498,16,84,256330,384,44811,44892,9199,9249
2018-08-31 16:18:26.996268, 103,499,16,83,262324,384,39182,45131,14490,14540
2018-08-31 16:18:29.754074, 102,500,1,86,608583,385,15876,15918,39296,39346
2018-08-31 16:18:29.781460, 109,501,17,85,19892,384,46349,46443,40180,40230
2018-08-31 16:18:29.816683, 112,502,17,84,16027,384,7952,8060,41342,41392
2018-08-31 16:18:29.836233, 108,503,17,85,16197,384,12043,12124,41961,42011
2018-08-31 16:18:29.888074, 107,504,17,81,24148,400,11525,11568,43673,43723
2018-08-31 16:18:29.974154, 103,505,17,84,15551,384,6414,11595,46484,46534
2018-08-31 16:18:32.763753, 102,506,2,87,727099,385,48900,48942,6779,6828
2018-08-31 16:18:32.783322, 109,507,18,86,143195,384,13581,13675,7406,7456
2018-08-31 16:18:32.818525, 112,508,18,85,141388,384,40720,40828,8568,8618
2018-08-31 16:18:32.837108, 108,509,18,86,132732,384,44811,44892,9188,9237
2018-08-31 16:18:32.889930, 107,510,18,82,141419,384,44293,44336,10900,10949
2018-08-31 16:18:33.045410, 103,511,18,85,136123,384,39182,46667,16014,16064
2018-08-31 16:18:35.773281, 102,512,3,88,735368,385,16388,16430,39797,39847
2018-08-31 16:18:35.820225, 112,513,19,86,155999,384,7952,8060,41331,41381
2018-08-31 16:18:35.838837, 108,514,19,87,146343,384,12043,12124,41950,42001
2018-08-31 16:18:35.891682, 107,515,19,83,152307,384,11525,11568,43662,43712
2018-08-31 16:18:35.909231, 109,516,19,87,181206,400,50445,50539,44264,44314
2018-08-31 16:18:35.961073, 103,517,19,86,149688,384,6414,11083,45961,46010
2018-08-31 16:18:38.782795, 102,518,4,89,749556,385,49412,49454,7280,7330
2018-08-31 16:18:38.821922, 112,519,20,87,272497,384,40720,40828,8557,8607
2018-08-31 16:18:38.840501, 108,520,20,88,256470,384,44811,44892,9176,9227
2018-08-31 16:18:38.892344, 107,521,20,84,266458,384,44293,44336,10888,10938
2018-08-31 16:18:38.910907, 109,522,20,88,272060,384,17677,17771,11491,11540
2018-08-31 16:18:38.970595, 103,523,20,87,262582,384,39182,44107,13443,13493
2018-08-31 16:18:41.791551, 102,524,5,90,608725,385,16900,16942,40299,40348
2018-08-31 16:18:41.822841, 112,525,21,88,16093,384,7952,8060,41320,41370
2018-08-31 16:18:41.842406, 108,526,21,89,16246,384,12043,12124,41938,41989
2018-08-31 16:18:41.894247, 107,527,21,85,22185,384,11525,11568,43651,43700
2018-08-31 16:18:41.912815, 109,528,21,89,20033,384,50445,50539,44253,44304
2018-08-31 16:18:42.074223, 103,529,21,88,15964,384,6414,14667,49533,49583
2018-08-31 16:18:44.801365, 102,530,6,91,727400,385,49924,49966,7781,7831
2018-08-31 16:18:44.824869, 112,531,22,89,142926,384,40720,40828,8546,8596
2018-08-31 16:18:44.830699, 103,532,22,89,139890,384,39182,39279,8604,8807
2018-08-31 16:18:44.844396, 108,533,22,90,132857,384,44811,44892,9165,9214
2018-08-31 16:18:44.896205, 107,534,22,86,141164,384,44293,44336,10877,10927
2018-08-31 16:18:44.913843, 109,535,22,90,143159,384,17677,17771,11479,11530
2018-08-31 16:18:47.810913, 102,536,7,92,735178,385,17412,17454,40800,40850
2018-08-31 16:18:47.826559, 112,537,23,90,152709,384,7952,8060,41309,41359
2018-08-31 16:18:47.845176, 108,538,23,91,144349,384,12043,12124,41927,41977
2018-08-31 16:18:47.896944, 107,539,23,87,152146,384,11525,11568,43639,43689
2018-08-31 16:18:47.915546, 109,540,23,91,154107,384,50445,50539,44242,44292
2018-08-31 16:18:48.021884, 103,541,23,90,146661,384,6414,12875,47729,47779
2018-08-31 16:18:50.819761, 102,542,8,93,749664,385,50436,50478,8283,8332
2018-08-31 16:18:50.846168, 108,543,24,92,258109,384,44811,44892,9153,9203
2018-08-31 16:18:50.898954, 107,544,24,88,266643,384,44293,44336,10866,10915
2018-08-31 16:18:50.917525, 109,545,24,92,273406,384,17677,17771,11468,11518
2018-08-31 16:18:50.952740, 112,546,24,91,296543,400,44816,44924,12631,12681
2018-08-31 16:18:51.187484, 103,547,24,91,275303,400,43278,51019,20331,20381
2018-08-31 16:18:53.828882, 102,548,9,94,608606,385,17924,17966,41301,41351
2018-08-31 16:18:53.848444, 108,549,25,93,16203,384,12043,12124,41915,41965
2018-08-31 16:18:53.900328, 107,550,25,89,22208,384,11525,11568,43628,43678
2018-08-31 16:18:53.918870, 109,551,25,93,20019,384,50445,50539,44230,44280
2018-08-31 16:18:53.954123, 112,552,25,92,16035,384,12048,12156,45393,45443
2018-08-31 16:18:54.197592, 103,553,25,92,15874,384,10510,18507,53349,53399
2018-08-31 16:18:56.839164, 102,554,10,95,727031,385,50948,50990,8784,8834
2018-08-31 16:18:56.901770, 107,555,26,90,141319,384,44293,44336,10854,10904
2018-08-31 16:18:56.920348, 109,556,26,94,143244,384,17677,17771,11457,11506
2018-08-31 16:18:56.955559, 112,557,26,93,141079,384,44816,44924,12620,12670
2018-08-31 16:18:56.974146, 108,558,26,94,139135,400,48907,48988,13237,13287
2018-08-31 16:18:57.300836, 103,559,26,93,136347,384,43278,54603,23903,23953
2018-08-31 16:18:59.847622, 102,560,11,96,735062,385,18436,18478,41803,41853
2018-08-31 16:18:59.903408, 107,561,27,91,152178,384,11525,11568,43617,43667
2018-08-31 16:18:59.915085, 109,562,27,95,152976,383,50210,50304,43984,44034
2018-08-31 16:18:59.957162, 112,563,27,94,152526,384,12048,12156,45382,45432
2018-08-31 16:18:59.975714, 108,564,27,95,143883,384,16139,16220,46000,46050
2018-08-31 16:19:00.122475, 103,565,27,94,146834,384,10510,15947,50778,50828
2018-08-31 16:19:02.857568, 102,566,12,97,749799,385,51460,51502,9286,9335
2018-08-31 16:19:02.904575, 107,567,28,92,269789,384,44293,44336,10843,10893
2018-08-31 16:19:02.923120, 109,568,28,96,272672,385,17677,17771,11445,11495
2018-08-31 16:19:02.959312, 112,569,28,95,274090,384,44816,44924,12609,12659
2018-08-31 16:19:02.977893, 108,570,28,96,255800,384,48907,48988,13226,13276
2018-08-31 16:19:03.287950, 103,571,28,95,262322,384,43278,54091,23380,23429
2018-08-31 16:19:05.866850, 102,572,13,98,608663,385,18948,18990,42304,42354
2018-08-31 16:19:05.906914, 107,573,29,93,22322,384,11525,11568,43605,43655
2018-08-31 16:19:05.916717, 109,574,29,97,19126,383,50189,50283,43951,44001
2018-08-31 16:19:05.960746, 112,575,29,96,16389,384,12048,12156,45371,45421
2018-08-31 16:19:05.979387, 108,576,29,97,16060,384,16139,16220,45988,46038
2018-08-31 16:19:06.171983, 103,577,29,96,15725,384,10510,17483,52302,52352
2018-08-31 16:19:08.876210, 102,578,14,99,728379,385,51972,52014,9787,9837
2018-08-31 16:19:08.907510, 107,579,30,94,143108,384,44293,44336,10832,10882
2018-08-31 16:19:08.919244, 109,580,30,98,144470,384,17424,17532,11195,11245
2018-08-31 16:19:08.962319, 112,581,30,97,161603,384,44816,44924,12598,12648
2018-08-31 16:19:08.980863, 108,582,30,98,135134,384,48907,48988,13214,13264
2018-08-31 16:19:09.149939, 103,583,30,97,136510,384,43278,49483,18760,18810
2018-08-31 16:19:11.885214, 102,584,15,100,735275,385,19460,19502,42806,42855
2018-08-31 16:19:11.909681, 107,585,31,95,152231,384,11525,11568,43594,43644
2018-08-31 16:19:11.928185, 109,586,31,99,154633,385,50445,50539,44196,44246
2018-08-31 16:19:11.963403, 112,587,31,98,152615,384,12048,12156,45360,45410
2018-08-31 16:19:11.981986, 108,588,31,99,144241,384,16139,16220,45977,46027
2018-08-31 16:19:12.096625, 103,589,31,98,146883,384,10510,14923,49730,49780
2018-08-31 16:19:14.896894, 102,590,0,101,750019,385,52484,52526,10288,10338
2018-08-31 16:19:14.910559, 107,591,16,96,286917,384,44293,44336,10820,10870
2018-08-31 16:19:14.929193, 109,592,16,100,275802,384,17677,17771,11422,11472
2018-08-31 16:19:14.965302, 112,593,16,99,275305,384,44816,44924,12587,12637
2018-08-31 16:19:14.983872, 108,594,16,100,260190,384,48907,48988,13203,13253
2018-08-31 16:19:15.137443, 103,595,16,99,263139,384,43278,48971,18237,18287
2018-08-31 16:19:17.904431, 102,596,1,102,608582,385,19972,20014,43307,43357
2018-08-31 16:19:17.930800, 109,597,17,101,19861,384,50445,50539,44185,44234
2018-08-31 16:19:17.966002, 112,598,17,100,15830,384,12048,12156,45349,45399
2018-08-31 16:19:17.985557, 108,599,17,101,16213,384,16139,16220,45965,46015
2018-08-31 16:19:18.037399, 107,600,17,97,24108,400,15621,15664,47678,47728
2018-08-31 16:19:18.146815, 103,601,17,100,15914,384,10510,16459,51255,51305
2018-08-31 16:19:20.913991, 102,602,2,103,727203,385,52996,53038,10790,10840
2018-08-31 16:19:20.932538, 109,603,18,102,143214,384,17677,17771,11411,11461
2018-08-31 16:19:20.967747, 112,604,18,101,141281,384,44816,44924,12576,12626
2018-08-31 16:19:20.986399, 108,605,18,102,132720,384,48907,48988,13191,13241
2018-08-31 16:19:21.039194, 107,606,18,98,141409,384,48389,48432,14905,14955
2018-08-31 16:19:21.250428, 103,607,18,101,136505,384,43278,52555,21809,21859
2018-08-31 16:19:23.922682, 102,608,3,104,735230,385,20484,20526,43809,43858
2018-08-31 16:19:23.969677, 112,609,19,102,152606,384,12048,12156,45338,45388
2018-08-31 16:19:23.988259, 108,610,19,103,144276,384,16139,16220,45954,46004
2018-08-31 16:19:24.041064, 107,611,19,99,152265,384,15621,15664,47667,47717
2018-08-31 16:19:24.058708, 109,612,19,103,160894,400,54541,54635,48269,48319
2018-08-31 16:19:24.321818, 103,613,19,102,146897,384,10510,22091,56875,56925
2018-08-31 16:19:26.932176, 102,614,4,105,750112,385,53508,53550,11291,11341
2018-08-31 16:19:26.971335, 112,615,20,103,273708,384,44816,44924,12565,12615
2018-08-31 16:19:26.989887, 108,616,20,104,258410,384,48907,48988,13180,13230
2018-08-31 16:19:27.041824, 107,617,20,100,267923,384,48389,48432,14893,14943
2018-08-31 16:19:27.060395, 109,618,20,104,273545,384,21773,21867,15495,15545
2018-08-31 16:19:27.237430, 103,619,20,103,283124,384,43278,52043,21285,21335
2018-08-31 16:19:29.941366, 102,620,5,106,608571,385,20996,21038,44310,44360
2018-08-31 16:19:32.951115, 102,621,6,107,727218,385,54020,54062,11793,11842
2018-08-31 16:19:35.960373, 102,622,7,108,735374,385,21508,21550,44811,44861
2018-08-31 16:19:38.969847, 102,623,8,109,750276,385,54532,54574,12294,12344
2018-08-31 16:19:41.978931, 102,624,9,110,608481,385,22020,22062,45313,45362
2018-08-31 16:19:44.988600, 102,625,10,111,727231,385,55044,55086,12795,12845
2018-08-31 16:19:47.997249, 102,626,11,112,735165,385,22532,22574,45814,45864
2018-08-31 16:19:51.007201, 102,627,12,113,750425,385,55556,55598,13297,13347
2018-08-31 16:19:54.016025, 102,628,13,114,608658,385,23044,23086,46316,46365
2018-08-31 16:19:57.025903, 102,629,14,115,727118,385,56068,56110,13798,13848
2018-08-31 16:20:00.034681, 102,630,15,116,735463,385,23556,23598,46817,46867
2018-08-31 16:20:03.043932, 102,631,0,117,750626,385,56580,56622,14300,14350
2018-08-31 16:20:06.054151, 102,632,1,118,608595,385,24068,24110,47318,47369
2018-08-31 16:20:09.062105, 102,633,2,119,727203,385,57092,57134,14801,14852
2018-08-31 16:20:12.070762, 102,634,3,120,735437,385,24580,24622,47820,47870
2018-08-31 16:20:15.082090, 102,635,4,121,750786,385,57604,57646,15303,15352
2018-08-31 16:20:18.090500, 102,636,5,122,608549,385,25092,25134,48321,48371
2018-08-31 16:20:21.099547, 102,637,6,123,727303,385,58116,58158,15804,15854
2018-08-31 16:20:24.110180, 102,638,7,124,735585,385,25604,25646,48823,48872
2018-08-31 16:20:27.001174, 112,639,20,104,10029014,7680,44816,44924,12455,12505
2018-08-31 16:20:27.020247, 108,640,20,105,10404915,7680,48907,48988,13066,13115
2018-08-31 16:20:27.072613, 107,641,20,101,10314656,7680,48389,48432,14781,14830
2018-08-31 16:20:27.091577, 109,642,20,105,9943262,7680,21773,21867,15382,15431
2018-08-31 16:20:27.116910, 102,643,8,125,750982,385,58628,58670,16305,16355
2018-08-31 16:20:27.149508, 103,644,20,104,10359588,7680,43278,48203,17329,17379
2018-08-31 16:20:30.129053, 102,645,9,126,608476,385,26116,26158,49324,49374
2018-08-31 16:20:33.138206, 102,646,10,127,727223,385,59140,59182,16807,16857
2018-08-31 16:20:36.146907, 102,647,11,128,735697,385,26628,26670,49825,49875
2018-08-31 16:20:39.155949, 102,648,12,129,751136,385,59652,59694,17308,17358
2018-08-31 16:20:42.164615, 102,649,13,130,608544,385,27140,27182,50327,50377
2018-08-31 16:20:45.173741, 102,650,14,131,727121,385,60164,60206,17810,17859
2018-08-31 16:20:48.185131, 102,651,15,132,735762,385,27652,27694,50828,50878
2018-08-31 16:20:51.192647, 102,652,0,133,751334,385,60676,60718,18311,18361
2018-08-31 16:20:54.202291, 102,653,1,134,608616,385,28164,28206,51330,51379
2018-08-31 16:20:57.212584, 102,654,2,135,727382,385,61188,61230,18812,18862
2018-08-31 16:21:00.221326, 102,655,3,136,735771,385,28676,28718,51831,51881
2018-08-31 16:21:03.231648, 102,656,4,137,751474,385,61700,61742,19314,19364
2018-08-31 16:21:06.240247, 102,657,5,138,608542,385,29188,29230,52333,52382
2018-08-31 16:21:09.250617, 102,658,6,139,727341,385,62212,62254,19815,19865
2018-08-31 16:21:12.258838, 102,659,7,140,735788,385,29700,29742,52834,52884
2018-08-31 16:21:15.268191, 102,660,8,141,751615,385,62724,62766,20317,20366
2018-08-31 16:21:18.278009, 102,661,9,142,608480,385,30212,30254,53336,53385
2018-08-31 16:21:21.286809, 102,662,10,143,727328,385,63236,63278,20818,20868
2018-08-31 16:21:24.296197, 102,663,11,144,735737,385,30724,30766,53837,53887
2018-08-31 16:21:27.031205, 112,664,20,105,10525052,7680,44816,44924,12345,12395
2018-08-31 16:21:27.050063, 108,665,20,106,10945596,7680,48907,48988,12951,13001
2018-08-31 16:21:27.104668, 107,666,20,102,10843594,7680,48389,48432,14668,14717
2018-08-31 16:21:27.122278, 109,667,20,106,10449737,7680,21773,21867,15268,15318
2018-08-31 16:21:27.157410, 103,668,20,105,10890433,7680,43278,47435,16445,16495
2018-08-31 16:21:27.306573, 102,669,12,145,751764,385,63748,63790,21320,21369
2018-08-31 16:21:30.314775, 102,670,13,146,608385,385,31236,31278,54338,54388
2018-08-31 16:21:33.323242, 102,671,14,147,727127,385,64260,64302,21821,21871
2018-08-31 16:21:36.334990, 102,672,15,148,735697,385,31748,31790,54840,54890
2018-08-31 16:21:39.343078, 102,673,0,149,751911,385,64772,64814,22323,22372
2018-08-31 16:21:42.352003, 102,674,1,150,608355,385,32260,32302,55341,55391
2018-08-31 16:21:45.362079, 102,675,2,151,727201,385,65284,65326,22824,22874
2018-08-31 16:21:48.371975, 102,676,3,152,735824,385,32774,32815,55844,55894
2018-08-31 16:21:51.379436, 102,677,4,153,752084,385,260,302,23325,23375
2018-08-31 16:21:54.389736, 102,678,5,154,608372,385,33284,33326,56344,56394
2018-08-31 16:21:57.398271, 102,679,6,155,727412,385,772,814,23827,23877
2018-08-31 16:22:00.408604, 102,680,7,156,735766,385,33796,33838,56846,56895
2018-08-31 16:22:03.416639, 102,681,8,157,752202,385,1284,1326,24328,24378
2018-08-31 16:22:06.425978, 102,682,9,158,608175,385,34308,34350,57347,57397
2018-08-31 16:22:09.436180, 102,683,10,159,727221,385,1796,1838,24830,24880
2018-08-31 16:22:12.445331, 102,684,11,160,735742,385,34820,34862,57849,57898
2018-08-31 16:22:15.454990, 102,685,12,161,752337,385,2308,2350,25331,25381
2018-08-31 16:22:18.463799, 102,686,13,162,608125,385,35332,35374,58350,58400
2018-08-31 16:22:21.473294, 102,687,14,163,727456,385,2820,2862,25833,25882
2018-08-31 16:22:24.482401, 102,688,15,164,735995,385,35844,35886,58851,58901
2018-08-31 16:22:27.062453, 112,689,20,106,10524202,7680,44816,44924,12235,12285
2018-08-31 16:22:27.082049, 108,690,20,107,10956668,7680,48907,48988,12837,12887
2018-08-31 16:22:27.131592, 107,691,20,103,10853255,7680,48389,48432,14555,14605
2018-08-31 16:22:27.151767, 109,692,20,107,10447443,7680,21773,21867,15154,15204
2018-08-31 16:22:27.382989, 103,693,20,106,10890559,7680,43278,53835,22729,22779
2018-08-31 16:22:27.492938, 102,694,0,165,752442,385,3332,3374,26334,26385
2018-08-31 16:22:30.502706, 102,695,1,166,608343,385,36356,36398,59353,59403
2018-08-31 16:22:33.511166, 102,696,2,167,727391,385,3844,3886,26836,26886
2018-08-31 16:22:36.519159, 102,697,3,168,736009,385,36868,36910,59854,59905
2018-08-31 16:22:39.529670, 102,698,4,169,752515,385,4356,4398,27337,27387
2018-08-31 16:22:42.537897, 102,699,5,170,608439,385,37380,37422,60356,60405
2018-08-31 16:22:45.547101, 102,700,6,171,727429,385,4868,4910,27838,27888
2018-08-31 16:22:48.557539, 102,701,7,172,735942,385,37892,37934,60857,60907
2018-08-31 16:22:51.566818, 102,702,8,173,752566,385,5380,5422,28340,28390
2018-08-31 16:22:54.575025, 102,703,9,174,608119,385,38404,38446,61359,61408
2018-08-31 16:22:57.585578, 102,704,10,175,727273,385,5892,5934,28841,28891
2018-08-31 16:23:00.593311, 102,705,11,176,735963,385,38916,38958,61860,61910
2018-08-31 16:23:03.604711, 102,706,12,177,752620,385,6404,6446,29343,29392
2018-08-31 16:23:06.613622, 102,707,13,178,608379,385,39428,39470,62361,62411
2018-08-31 16:23:09.621000, 102,708,14,179,727433,385,6916,6958,29844,29894
2018-08-31 16:23:12.632914, 102,709,15,180,735896,385,39940,39982,62863,62913
2018-08-31 16:23:15.640893, 102,710,0,181,752649,385,7428,7470,30345,30395
2018-08-31 16:23:18.651043, 102,711,1,182,608305,385,40452,40494,63364,63414
2018-08-31 16:23:21.660863, 102,712,2,183,727144,385,7940,7982,30847,30897
2018-08-31 16:23:24.668107, 102,713,3,184,735865,385,40964,41006,63866,63915
2018-08-31 16:23:27.093727, 112,714,20,107,10536781,7680,44816,44924,12126,12175
2018-08-31 16:23:27.110061, 108,715,20,108,10963318,7680,48907,48988,12723,12773
2018-08-31 16:23:27.162331, 107,716,20,104,10858048,7680,48389,48432,14442,14492
2018-08-31 16:23:27.180529, 109,717,20,108,10451569,7680,21773,21867,15041,15091
2018-08-31 16:23:27.453246, 103,718,20,107,10877597,7680,43278,55115,23893,23943
2018-08-31 16:23:27.678651, 102,719,4,185,752663,385,8452,8494,31348,31398
