2018-08-31 15:41:12.386700, make -k -j 20 z1-reset-sequence
2018-08-31 15:41:12.463863, make[1]: Entering directory `/home/user/contiki-master/examples/ipv6/multicast/simulations-bmrf-simple-contikiMAC-real'
2018-08-31 15:41:12.463951, ../../../../tools/zolertia/z1-bsl-nopic --z1 -c /dev/ttyUSB0 -r
2018-08-31 15:41:13.361751, Done
2018-08-31 15:41:13.362042, make[1]: Leaving directory `/home/user/contiki-master/examples/ipv6/multicast/simulations-bmrf-simple-contikiMAC-real'
2018-08-31 15:41:13.369374, ../../../../tools/sky/serialdump-linux -b115200 /dev/ttyUSB0
2018-08-31 15:41:14.015141, Rime started with address 100.0
2018-08-31 15:41:14.024970, MAC 64:00:00:00:00:00:00:00 Contiki 2.6 started. Node id is set to 100.
2018-08-31 15:41:14.033882, CSMA nullrdc, channel check rate 128 Hz, radio channel 16
2018-08-31 15:41:14.033973, Starting 'receiving messages from white motes'
2018-08-31 15:41:28.705716, 112,1,20,1,4886,10,29706,29784,47784,47833
2018-08-31 15:41:37.791809, 102,2,8,1,4376,10,29190,29244,17699,17749
2018-08-31 15:41:48.325307, 103,3,20,1,11175,23,33549,33646,34951,35001
2018-08-31 15:42:28.737189, 112,4,20,2,2294604,7680,29706,29780,47670,47719
2018-08-31 15:42:36.235349, 107,5,20,1,636745,7680,26372,26415,31071,31121
2018-08-31 15:42:37.825101, 102,6,8,2,12193559,7680,29190,29242,17593,17642
2018-08-31 15:42:43.259696, 108,7,20,1,385186,7680,26888,26951,64540,64590
2018-08-31 15:42:48.356096, 103,8,20,2,354768,7680,33549,33642,34832,34881
2018-08-31 15:42:51.697453, 109,9,36,1,475284,7680,27918,28019,13227,13277
2018-08-31 15:43:28.768129, 112,10,20,3,2284899,7680,29706,29780,47559,47609
2018-08-31 15:43:36.263706, 107,11,20,2,473550,7680,26372,26414,30957,31007
2018-08-31 15:43:37.854570, 102,12,8,3,12175977,7680,29190,29242,17488,17538
2018-08-31 15:43:43.291150, 108,13,20,2,261080,7680,26888,26948,64424,64474
2018-08-31 15:43:48.386787, 103,14,20,3,264991,7680,33549,33642,34716,34766
2018-08-31 15:43:51.728778, 109,15,36,2,382854,7680,27918,28014,13110,13160
2018-08-31 15:44:28.798550, 112,16,20,4,2283839,7680,29706,29780,47448,47498
2018-08-31 15:44:36.294278, 107,17,20,3,469947,7680,26372,26414,30844,30894
2018-08-31 15:44:37.884175, 102,18,8,4,12179764,7680,29190,29242,17383,17432
2018-08-31 15:44:37.908970, 102,19,0,5,5138,3,29958,30010,18151,18200
2018-08-31 15:44:37.975441, 107,20,16,4,12815,215,15876,15918,20344,20394
2018-08-31 15:44:38.005950, 103,21,16,4,213650,6348,20237,20330,21308,21358
2018-08-31 15:44:38.032107, 109,22,16,3,273254,5924,37134,37230,22239,22289
2018-08-31 15:44:38.208366, 108,23,32,3,206752,7026,56072,56132,27967,28017
2018-08-31 15:44:40.917969, 102,24,1,6,609608,385,62982,63034,51169,51219
2018-08-31 15:44:40.976147, 107,25,17,5,42051,384,48644,48686,53107,53157
2018-08-31 15:44:41.005926, 103,26,17,5,12672,384,53005,53098,54071,54120
2018-08-31 15:44:41.041276, 109,27,17,4,19121,385,4622,4718,55258,55309
2018-08-31 15:44:41.332933, 108,28,33,4,13591,400,27400,27460,64825,64876
2018-08-31 15:44:43.927275, 102,29,2,7,729299,385,30470,30522,18652,18703
2018-08-31 15:44:43.979357, 107,30,18,6,163317,384,15876,15918,20333,20383
2018-08-31 15:44:44.008656, 103,31,18,6,136470,384,20237,20330,21297,21347
2018-08-31 15:44:44.036452, 109,32,18,5,138468,383,37134,37230,22228,22279
2018-08-31 15:44:44.337433, 108,33,34,5,133517,384,60168,60228,32052,32102
2018-08-31 15:44:46.935555, 102,34,3,8,736941,385,63494,63546,51671,51721
2018-08-31 15:44:46.979902, 107,35,19,7,174221,384,48644,48686,53095,53145
2018-08-31 15:44:47.008820, 103,36,19,7,147120,384,53005,53098,54059,54109
2018-08-31 15:44:47.037523, 109,37,19,6,149616,384,4383,4480,55008,55058
2018-08-31 15:44:47.212897, 108,38,35,6,139059,368,23304,23364,60718,60768
2018-08-31 15:44:49.945213, 102,39,4,9,754394,385,30982,31034,19153,19204
2018-08-31 15:44:49.980379, 107,40,20,8,289763,384,15876,15918,20322,20372
2018-08-31 15:44:50.011663, 103,41,20,8,264730,384,20237,20330,21285,21335
2018-08-31 15:44:50.047695, 109,42,20,7,266419,385,37390,37486,22473,22523
2018-08-31 15:44:50.338648, 108,43,36,7,269993,400,60168,60228,32040,32090
2018-08-31 15:44:52.954312, 102,44,5,10,609600,385,64006,64058,52172,52222
2018-08-31 15:44:52.981836, 107,45,21,9,42767,384,48644,48686,53084,53134
2018-08-31 15:44:53.010998, 103,46,21,9,13874,384,53005,53098,54047,54097
2018-08-31 15:44:53.040047, 109,47,21,8,18498,383,4366,4462,54979,55029
2018-08-31 15:44:53.340497, 108,48,37,8,14372,384,27400,27460,64803,64853
2018-08-31 15:44:55.965338, 102,49,6,11,729371,385,31494,31546,19655,19705
2018-08-31 15:44:55.984641, 107,50,22,10,163173,384,15876,15918,20310,20360
2018-08-31 15:44:56.013569, 103,51,22,10,136504,384,20237,20330,21274,21323
2018-08-31 15:44:56.042864, 109,52,22,9,138922,384,37152,37249,22224,22275
2018-08-31 15:44:56.342060, 108,53,38,9,135102,384,60168,60228,32029,32079
2018-08-31 15:44:58.974764, 102,54,7,12,736264,385,64518,64570,52674,52723
2018-08-31 15:44:58.986705, 107,55,23,11,174067,384,48644,48686,53073,53123
2018-08-31 15:44:59.015295, 103,56,23,11,165102,384,53005,53098,54036,54086
2018-08-31 15:44:59.044422, 109,57,23,10,150700,384,4366,4462,54968,55018
2018-08-31 15:44:59.343902, 108,58,39,10,145033,384,27400,27460,64791,64841
2018-08-31 15:45:01.981343, 102,59,8,13,754046,385,32006,32058,20156,20206
2018-08-31 15:45:02.016363, 103,60,24,12,264234,384,20237,20330,21262,21312
2018-08-31 15:45:02.045098, 109,61,24,11,265366,384,37134,37230,22195,22245
2018-08-31 15:45:02.112740, 107,62,24,12,301485,400,19972,20014,24395,24445
2018-08-31 15:45:02.344132, 108,63,40,11,258165,384,60168,60228,32017,32067
2018-08-31 15:45:04.991420, 102,64,9,14,609800,385,65030,65082,53175,53225
2018-08-31 15:45:05.017342, 103,65,25,13,13783,384,53005,53098,54024,54074
2018-08-31 15:45:05.047612, 109,66,25,12,19048,384,4384,4480,54975,55025
2018-08-31 15:45:05.113747, 107,67,25,13,42590,384,52740,52782,57157,57207
2018-08-31 15:45:05.344544, 108,68,41,12,14173,384,27400,27460,64780,64830
2018-08-31 15:45:08.001157, 102,69,10,15,729110,385,32518,32570,20658,20707
2018-08-31 15:45:08.020082, 103,70,26,14,136316,384,20237,20330,21250,21300
2018-08-31 15:45:08.048179, 109,71,26,13,138728,384,37134,37230,22183,22233
2018-08-31 15:45:08.114461, 107,72,26,14,162908,384,19972,20014,24383,24433
2018-08-31 15:45:08.347412, 108,73,42,13,133399,384,60168,60228,32006,32056
2018-08-31 15:45:11.010285, 102,74,11,16,737033,385,9,60,53679,53729
2018-08-31 15:45:11.051247, 109,75,27,14,150835,384,4367,4464,54947,54997
2018-08-31 15:45:11.116471, 107,76,27,15,175309,384,52740,52782,57146,57196
2018-08-31 15:45:11.145617, 103,77,27,15,174831,400,57101,57194,58108,58158
2018-08-31 15:45:11.348785, 108,78,43,14,146543,384,27400,27460,64768,64818
2018-08-31 15:45:14.019256, 102,79,12,17,753737,385,33030,33082,21159,21209
2018-08-31 15:45:14.050940, 109,80,28,15,265590,384,37134,37230,22172,22222
2018-08-31 15:45:14.118774, 107,81,28,16,289569,384,19972,20014,24372,24422
2018-08-31 15:45:14.147063, 103,82,28,16,264119,384,24333,24426,25334,25384
2018-08-31 15:45:14.725889, 108,83,44,15,291807,432,6920,6980,44282,44332
2018-08-31 15:45:17.029157, 102,84,13,18,606253,385,518,570,54178,54228
2018-08-31 15:45:17.053159, 109,85,29,16,20635,384,4366,4462,54935,54985
2018-08-31 15:45:17.120243, 107,86,29,17,43418,384,52740,52782,57134,57184
2018-08-31 15:45:17.147260, 103,87,29,17,15416,384,57101,57194,58097,58146
2018-08-31 15:45:17.353919, 108,88,45,16,13084,336,27400,27460,64757,64807
2018-08-31 15:45:20.038552, 102,89,14,19,728497,385,33542,33594,21661,21710
2018-08-31 15:45:20.054191, 109,90,30,17,142088,384,37133,37229,22160,22210
2018-08-31 15:45:20.120650, 107,91,30,18,184345,384,19972,20014,24361,24411
2018-08-31 15:45:20.151244, 103,92,30,18,141939,384,24333,24426,25323,25373
2018-08-31 15:45:20.480375, 108,93,46,17,148359,400,64264,64324,36079,36129
2018-08-31 15:45:23.047811, 102,94,15,20,737349,385,1030,1082,54679,54729
2018-08-31 15:45:23.123698, 107,95,31,19,173943,384,52740,52782,57123,57173
2018-08-31 15:45:23.152766, 103,96,31,19,148863,384,57101,57194,58085,58135
2018-08-31 15:45:23.179910, 109,97,31,18,175933,400,8462,8558,59019,59069
2018-08-31 15:45:23.481192, 108,98,47,18,146447,384,31496,31556,3305,3355
2018-08-31 15:45:26.057950, 102,99,0,21,753312,385,34054,34106,22162,22212
2018-08-31 15:45:26.125884, 107,100,16,20,289158,384,19972,20014,24349,24399
2018-08-31 15:45:26.154678, 103,101,16,20,264036,384,24333,24426,25311,25361
2018-08-31 15:45:26.182800, 109,102,16,19,265534,384,41230,41326,26246,26296
2018-08-31 15:45:26.483803, 108,103,32,19,257846,384,64264,64324,36067,36117
2018-08-31 15:45:28.827965, 112,104,20,5,2282900,7680,29706,29780,47337,47387
2018-08-31 15:45:29.067669, 102,105,1,22,608274,385,1542,1594,55181,55230
2018-08-31 15:45:29.126014, 107,106,17,21,42752,384,52740,52782,57112,57162
2018-08-31 15:45:29.154164, 103,107,17,21,13688,384,57101,57194,58073,58124
2018-08-31 15:45:29.184290, 109,108,17,20,18917,384,8462,8558,59008,59058
2018-08-31 15:45:29.358018, 108,109,33,20,13706,368,27400,27460,64734,64785
2018-08-31 15:45:32.075036, 102,110,2,23,727764,385,34566,34618,22663,22713
2018-08-31 15:45:32.128172, 107,111,18,22,162651,384,19972,20014,24338,24388
2018-08-31 15:45:32.157782, 103,112,18,22,136154,384,24333,24426,25300,25350
2018-08-31 15:45:32.186795, 109,113,18,21,138651,384,41230,41326,26234,26284
2018-08-31 15:45:32.486640, 108,114,34,21,138691,400,64264,64324,36056,36107
2018-08-31 15:45:35.086176, 102,115,3,24,736304,385,2054,2106,55682,55732
2018-08-31 15:45:35.128196, 107,116,19,23,173731,384,52740,52782,57100,57150
2018-08-31 15:45:35.158953, 103,117,19,23,146834,384,57101,57194,58062,58112
2018-08-31 15:45:35.188128, 109,118,19,22,149658,384,8468,8580,59019,59068
2018-08-31 15:45:35.361350, 108,119,35,22,138692,368,27400,27460,64722,64773
2018-08-31 15:45:38.095759, 102,120,4,25,752981,385,35078,35130,23165,23215
2018-08-31 15:45:38.130191, 107,121,20,24,289222,384,19972,20014,24327,24377
2018-08-31 15:45:38.187862, 109,122,20,23,265159,384,41230,41326,26223,26273
2018-08-31 15:45:38.487330, 108,123,36,23,269232,400,64264,64324,36044,36095
2018-08-31 15:45:41.103955, 102,124,5,26,609776,385,2566,2618,56184,56233
2018-08-31 15:45:41.132325, 107,125,21,25,42585,384,52740,52782,57089,57139
2018-08-31 15:45:41.161342, 103,126,21,24,526945,768,57101,57194,58050,58100
2018-08-31 15:45:41.189366, 109,127,21,24,18797,384,8462,8558,58986,59036
2018-08-31 15:45:41.366128, 108,128,37,24,14043,368,27400,27460,64711,64761
2018-08-31 15:45:44.113915, 102,129,6,27,729391,385,35590,35642,23666,23716
2018-08-31 15:45:44.133308, 107,130,22,26,164074,384,19972,20014,24315,24365
2018-08-31 15:45:44.164161, 103,131,22,25,139152,384,24333,24426,25276,25326
2018-08-31 15:45:44.191054, 109,132,22,25,140305,384,41230,41326,26212,26262
2018-08-31 15:45:44.367368, 108,133,38,25,150779,384,60168,60228,31937,31987
2018-08-31 15:45:47.123440, 102,134,7,28,737070,385,3078,3130,56685,56735
2018-08-31 15:45:47.135216, 107,135,23,27,173721,384,52740,52782,57078,57127
2018-08-31 15:45:47.164394, 103,136,23,26,146835,384,57101,57194,58038,58088
2018-08-31 15:45:47.193517, 109,137,23,26,149199,384,8462,8558,58974,59024
2018-08-31 15:45:47.492388, 108,138,39,26,150581,400,31496,31556,3259,3309
2018-08-31 15:45:50.132869, 102,139,8,29,752593,385,36102,36154,24168,24217
2018-08-31 15:45:50.165186, 103,140,24,27,263559,384,24333,24426,25265,25315
2018-08-31 15:45:50.195203, 109,141,24,27,265320,384,41230,41326,26201,26251
2018-08-31 15:45:50.262873, 107,142,24,28,300664,400,24068,24110,28400,28450
2018-08-31 15:45:50.493159, 108,143,40,27,257739,384,64264,64324,36022,36072
2018-08-31 15:45:53.140857, 102,144,9,30,609894,385,3590,3642,57186,57236
2018-08-31 15:45:53.159052, 103,145,25,28,13175,383,56863,56955,57788,57838
2018-08-31 15:45:53.195027, 109,146,25,28,18804,384,8462,8558,58963,59013
2018-08-31 15:45:53.263900, 107,147,25,29,42782,384,56836,56878,61162,61212
2018-08-31 15:45:53.621245, 108,148,41,28,14840,400,35592,35652,7344,7394
2018-08-31 15:45:56.150438, 102,149,10,31,728592,385,36614,36666,24669,24719
2018-08-31 15:45:56.169181, 103,150,26,29,136303,385,24333,24426,25253,25303
2018-08-31 15:45:56.198624, 109,151,26,29,138507,384,41230,41326,26189,26239
2018-08-31 15:45:56.264416, 107,152,26,30,162804,384,24068,24110,28388,28438
2018-08-31 15:45:56.497800, 108,153,42,29,127730,368,64264,64324,36010,36060
2018-08-31 15:45:59.160075, 102,154,11,32,736714,385,4102,4154,57688,57737
2018-08-31 15:45:59.198313, 109,155,27,30,165101,384,8466,8563,58956,59006
2018-08-31 15:45:59.267236, 107,156,27,31,173698,384,56836,56878,61151,61201
2018-08-31 15:45:59.294532, 103,157,27,30,155224,400,61197,61290,62111,62161
2018-08-31 15:45:59.624384, 108,158,43,30,151305,400,35592,35652,7332,7382
2018-08-31 15:46:02.169087, 102,159,12,33,752181,385,37126,37178,25170,25220
2018-08-31 15:46:02.201719, 109,160,28,31,264859,384,41230,41326,26178,26228
2018-08-31 15:46:02.267940, 107,161,28,32,288997,384,24068,24110,28377,28428
2018-08-31 15:46:02.298469, 103,162,28,31,263495,384,28429,28522,29337,29387
2018-08-31 15:46:02.501089, 108,163,44,31,246739,368,64264,64324,35999,36049
2018-08-31 15:46:05.179288, 102,164,13,34,609592,385,4614,4666,58189,58239
2018-08-31 15:46:05.202793, 109,165,29,32,18641,384,8462,8558,58941,58990
2018-08-31 15:46:05.269310, 107,166,29,33,42912,384,56836,56878,61139,61190
2018-08-31 15:46:05.298718, 103,167,29,32,13880,384,61197,61290,62099,62149
2018-08-31 15:46:05.502156, 108,168,45,32,13919,384,31496,31556,3225,3275
2018-08-31 15:46:08.188940, 102,169,14,35,729080,385,37638,37690,25672,25722
2018-08-31 15:46:08.204565, 109,170,30,33,140757,384,41236,41333,26173,26223
2018-08-31 15:46:08.271068, 107,171,30,34,163987,384,24068,24110,28366,28415
2018-08-31 15:46:08.300477, 103,172,30,33,152174,384,28429,28522,29326,29376
2018-08-31 15:46:08.503894, 108,173,46,33,132821,384,64264,64324,35987,36037
2018-08-31 15:46:11.198543, 102,174,15,36,734708,385,5126,5178,58690,58740
2018-08-31 15:46:11.272827, 107,175,31,35,354710,384,56836,56878,61128,61178
2018-08-31 15:46:11.302168, 103,176,31,34,146720,384,61197,61290,62088,62138
2018-08-31 15:46:11.330588, 109,177,31,34,156771,400,12558,12654,63025,63075
2018-08-31 15:46:11.630832, 108,178,47,34,160136,400,35592,35652,7309,7359
2018-08-31 15:46:14.207378, 102,179,0,37,751914,385,38150,38202,26173,26223
2018-08-31 15:46:14.273888, 107,180,16,36,288443,384,24068,24110,28354,28404
2018-08-31 15:46:14.303229, 103,181,16,35,263483,384,28429,28522,29314,29364
2018-08-31 15:46:14.332546, 109,182,16,35,265458,384,45326,45422,30251,30301
2018-08-31 15:46:14.506671, 108,183,32,35,246178,368,64264,64324,35976,36026
2018-08-31 15:46:17.216487, 102,184,1,38,608382,385,5638,5690,59192,59242
2018-08-31 15:46:17.276135, 107,185,17,37,42762,384,56836,56878,61117,61166
2018-08-31 15:46:17.304488, 103,186,17,36,14087,384,61197,61290,62076,62126
2018-08-31 15:46:17.341678, 109,187,17,36,19971,385,12814,12910,63270,63320
2018-08-31 15:46:17.634125, 108,188,33,36,14697,400,35592,35652,7298,7348
2018-08-31 15:46:20.226216, 102,189,2,39,728678,385,38662,38714,26675,26724
2018-08-31 15:46:20.277075, 107,190,18,38,162467,384,24068,24110,28343,28393
2018-08-31 15:46:20.306452, 103,191,18,37,136056,384,28429,28522,29302,29352
2018-08-31 15:46:20.334793, 109,192,18,37,138318,383,45326,45422,30240,30290
2018-08-31 15:46:20.509888, 108,193,34,37,127605,368,64264,64324,35964,36014
2018-08-31 15:46:23.235625, 102,194,3,40,735824,385,6150,6202,59693,59743
2018-08-31 15:46:23.278662, 107,195,19,39,173430,384,56836,56878,61105,61155
2018-08-31 15:46:23.308003, 103,196,19,38,146612,384,61197,61290,62064,62114
2018-08-31 15:46:23.338289, 109,197,19,38,149499,384,12579,12676,63024,63074
2018-08-31 15:46:23.636665, 108,198,35,38,150337,400,35592,35652,7286,7336
2018-08-31 15:46:26.245114, 102,199,4,41,751588,385,39174,39226,27176,27226
2018-08-31 15:46:26.280302, 107,200,20,40,288713,384,24068,24110,28332,28381
2018-08-31 15:46:26.309627, 103,201,20,39,263595,384,28429,28522,29291,29341
2018-08-31 15:46:26.345820, 109,202,20,39,266288,385,45582,45678,30485,30535
2018-08-31 15:46:26.638169, 108,203,36,39,258098,384,2824,2884,40048,40099
2018-08-31 15:46:28.858137, 112,204,20,6,2284874,7680,29706,29780,47226,47276
2018-08-31 15:46:29.254228, 102,205,5,42,609811,385,6662,6714,60195,60244
2018-08-31 15:46:29.281668, 107,206,21,41,42794,384,56836,56878,61094,61144
2018-08-31 15:46:29.310981, 103,207,21,40,14210,384,61197,61290,62053,62103
2018-08-31 15:46:29.339377, 109,208,21,40,18593,383,12558,12654,62991,63041
2018-08-31 15:46:29.639762, 108,209,37,40,14632,384,35592,35652,7275,7325
2018-08-31 15:46:32.263713, 102,210,6,43,728616,385,39686,39738,27677,27727
2018-08-31 15:46:32.283284, 107,211,22,42,162586,384,24068,24110,28320,28370
2018-08-31 15:46:32.312628, 103,212,22,41,136101,384,28429,28522,29279,29329
2018-08-31 15:46:32.341985, 109,213,22,41,138900,384,45329,45441,30236,30286
2018-08-31 15:46:32.516069, 108,214,38,41,127457,368,64264,64324,35941,35991
2018-08-31 15:46:35.273409, 102,215,7,44,735846,385,7174,7226,60696,60746
2018-08-31 15:46:35.285162, 107,216,23,43,173353,384,56836,56878,61083,61132
2018-08-31 15:46:35.314488, 103,217,23,42,146622,384,61197,61290,62041,62091
2018-08-31 15:46:35.342873, 109,218,23,42,149375,384,12558,12654,62980,63030
2018-08-31 15:46:35.517944, 108,219,39,42,144373,384,31496,31556,3168,3218
2018-08-31 15:46:38.282711, 102,220,8,45,751294,385,40198,40250,28179,28228
2018-08-31 15:46:38.315934, 103,221,24,43,263323,384,28429,28522,29267,29317
2018-08-31 15:46:38.344319, 109,222,24,43,265140,384,45326,45422,30207,30257
2018-08-31 15:46:38.411816, 107,223,24,44,300339,400,28164,28206,32405,32454
2018-08-31 15:46:38.644621, 108,224,40,43,267899,400,2824,2884,40026,40076
2018-08-31 15:46:41.292261, 102,225,9,46,609821,385,7686,7738,61197,61247
2018-08-31 15:46:41.316718, 103,226,25,44,14097,384,61197,61290,62030,62079
2018-08-31 15:46:41.346054, 109,227,25,44,18784,384,12558,12654,62969,63019
2018-08-31 15:46:41.412551, 107,228,25,45,42788,384,60932,60974,65167,65217
2018-08-31 15:46:41.770526, 108,229,41,44,14932,400,39688,39748,11348,11398
2018-08-31 15:46:44.301485, 102,230,10,47,728243,385,40710,40762,28680,28730
2018-08-31 15:46:44.414966, 107,231,26,46,162833,384,28164,28206,32393,32443
2018-08-31 15:46:44.443338, 103,232,26,45,141758,400,32525,32618,33352,33401
2018-08-31 15:46:44.480461, 109,233,26,45,145346,401,49678,49774,34547,34597
2018-08-31 15:46:44.771938, 108,234,42,45,134736,384,6920,6980,44110,44160
2018-08-31 15:46:47.310194, 102,235,11,48,736468,385,8198,8250,61699,61749
2018-08-31 15:46:47.349312, 109,236,27,46,142788,367,12564,12660,62964,63014
2018-08-31 15:46:47.415824, 107,237,27,47,173641,384,60932,60974,65156,65205
2018-08-31 15:46:47.445169, 103,238,27,46,146608,384,65293,65386,578,628
2018-08-31 15:46:47.773814, 108,239,43,46,144004,384,39688,39748,11336,11386
2018-08-31 15:46:50.319613, 102,240,12,49,751024,385,41222,41274,29181,29231
2018-08-31 15:46:50.349984, 109,241,28,47,264831,384,45326,45422,30184,30234
2018-08-31 15:46:50.417465, 107,242,28,48,288654,384,28164,28206,32382,32432
2018-08-31 15:46:50.446724, 103,243,28,47,263133,384,32525,32618,33340,33390
2018-08-31 15:46:50.650378, 108,244,44,47,246417,368,2824,2884,40003,40053
2018-08-31 15:46:53.329454, 102,245,13,50,608754,385,8710,8762,62200,62250
2018-08-31 15:46:53.351950, 109,246,29,48,18703,384,12558,12654,62946,62996
2018-08-31 15:46:53.419444, 107,247,29,49,42924,384,60932,60974,65144,65194
2018-08-31 15:46:53.448784, 103,248,29,48,14031,384,65293,65386,566,616
2018-08-31 15:46:53.651806, 108,249,45,48,13976,384,35592,35652,7229,7279
2018-08-31 15:46:56.338657, 102,250,14,51,727410,385,41734,41786,29683,29733
2018-08-31 15:46:56.354298, 109,251,30,49,138690,384,45327,45424,30174,30225
2018-08-31 15:46:56.420855, 107,252,30,50,162639,384,28164,28206,32370,32420
2018-08-31 15:46:56.450227, 103,253,30,49,136026,384,32525,32618,33328,33378
2018-08-31 15:46:56.778504, 108,254,46,49,138058,400,6920,6980,44087,44137
2018-08-31 15:46:59.348010, 102,255,15,52,736375,385,9222,9274,62702,62751
2018-08-31 15:46:59.422387, 107,256,31,51,173561,384,60932,60974,65133,65183
2018-08-31 15:46:59.451688, 103,257,31,50,146527,384,65293,65386,554,604
2018-08-31 15:46:59.480090, 109,258,31,50,155617,400,16654,16750,1495,1546
2018-08-31 15:46:59.779355, 108,259,47,50,144225,384,39688,39748,11313,11363
2018-08-31 15:47:02.357546, 102,260,0,53,750736,385,42246,42298,30184,30234
2018-08-31 15:47:02.424083, 107,261,16,52,288352,384,28164,28206,32359,32409
2018-08-31 15:47:02.452406, 103,262,16,51,263171,384,32525,32618,33317,33366
2018-08-31 15:47:02.481732, 109,263,16,51,265368,384,49422,49518,34257,34308
2018-08-31 15:47:02.780906, 108,264,32,51,256460,384,6920,6980,44076,44126
2018-08-31 15:47:05.366756, 102,265,1,54,609830,385,9734,9786,63203,63253
2018-08-31 15:47:05.425406, 107,266,17,53,42798,384,60932,60974,65121,65171
2018-08-31 15:47:05.454747, 103,267,17,52,14205,384,65293,65386,543,593
2018-08-31 15:47:05.490962, 109,268,17,52,19949,385,16910,17006,1740,1790
2018-08-31 15:47:05.782412, 108,269,33,52,14253,384,39688,39748,11302,11352
2018-08-31 15:47:08.376198, 102,270,2,55,728368,385,42758,42810,30686,30736
2018-08-31 15:47:08.427070, 107,271,18,54,162331,384,28164,28206,32348,32398
2018-08-31 15:47:08.455429, 103,272,18,53,135941,384,32525,32618,33305,33355
2018-08-31 15:47:08.484785, 109,273,18,53,138290,383,49422,49518,34246,34296
2018-08-31 15:47:08.659094, 108,274,34,53,127351,368,2824,2884,39968,40018
2018-08-31 15:47:11.385318, 102,275,3,56,736187,385,10246,10298,63704,63755
2018-08-31 15:47:11.428358, 107,276,19,55,173326,384,60932,60974,65110,65160
2018-08-31 15:47:11.457658, 103,277,19,54,146477,384,65293,65386,531,581
2018-08-31 15:47:11.487079, 109,278,19,54,149493,384,16675,16772,1494,1545
2018-08-31 15:47:11.661152, 108,279,35,54,144298,384,35592,35652,7195,7245
2018-08-31 15:47:14.394232, 102,280,4,57,750512,385,43270,43322,31187,31238
2018-08-31 15:47:14.429436, 107,281,20,56,291878,384,28164,28206,32336,32386
2018-08-31 15:47:14.458846, 103,282,20,55,263241,384,32525,32618,33293,33343
2018-08-31 15:47:14.495761, 109,283,20,55,266124,385,49678,49774,34491,34541
2018-08-31 15:47:14.787897, 108,284,36,55,269831,400,6920,6980,44053,44103
2018-08-31 15:47:17.403524, 102,285,5,58,609836,385,10758,10810,64206,64255
2018-08-31 15:47:17.430916, 107,286,21,57,42756,384,60932,60974,65099,65148
2018-08-31 15:47:17.460266, 103,287,21,56,14331,384,65293,65386,519,569
2018-08-31 15:47:17.489602, 109,288,21,56,18576,383,16654,16750,1461,1511
2018-08-31 15:47:17.788940, 108,289,37,56,14609,384,39688,39748,11279,11329
2018-08-31 15:47:20.412983, 102,290,6,59,728215,385,43782,43834,31688,31738
2018-08-31 15:47:20.432554, 107,291,22,58,162538,384,28164,28206,32325,32375
2018-08-31 15:47:20.461875, 103,292,22,57,136014,384,32525,32618,33282,33332
2018-08-31 15:47:20.491244, 109,293,22,57,138842,384,49425,49537,34242,34292
2018-08-31 15:47:20.665323, 108,294,38,57,127270,368,2824,2884,39945,39995
2018-08-31 15:47:23.423111, 102,295,7,60,735378,385,11270,11322,64707,64757
2018-08-31 15:47:23.434848, 107,296,23,59,173369,384,60932,60974,65087,65137
2018-08-31 15:47:23.463213, 103,297,23,58,146542,384,65293,65386,508,558
2018-08-31 15:47:23.492597, 109,298,23,58,149420,384,16654,16750,1450,1500
2018-08-31 15:47:23.666657, 108,299,39,58,144199,384,35592,35652,7172,7222
2018-08-31 15:47:26.432135, 102,300,8,61,750266,385,44294,44346,32190,32240
2018-08-31 15:47:26.465337, 103,301,24,59,263031,384,32525,32618,33270,33320
2018-08-31 15:47:26.493736, 109,302,24,59,265170,384,49422,49518,34212,34262
2018-08-31 15:47:26.561225, 107,303,24,60,300289,400,32260,32302,36409,36459
2018-08-31 15:47:26.793062, 108,304,40,59,267572,400,6920,6980,44030,44080
2018-08-31 15:47:28.889330, 112,305,20,7,2285035,7680,29706,29780,47115,47164
2018-08-31 15:47:29.440974, 102,306,9,62,609956,385,11782,11834,65209,65258
2018-08-31 15:47:29.466408, 103,307,25,60,14235,384,65293,65386,496,546
2018-08-31 15:47:29.502550, 109,308,25,60,19768,385,16910,17006,1695,1745
2018-08-31 15:47:29.562269, 107,309,25,61,42854,384,65028,65070,3636,3686
2018-08-31 15:47:29.795046, 108,310,41,60,14454,384,39688,39748,11256,11306
2018-08-31 15:47:32.450204, 102,311,10,63,728267,385,44806,44858,32691,32741
2018-08-31 15:47:32.467743, 103,312,26,61,136078,384,32525,32618,33258,33308
2018-08-31 15:47:32.497091, 109,313,26,61,138172,383,49422,49518,34201,34251
2018-08-31 15:47:32.563639, 107,314,26,62,162516,384,32260,32302,36398,36448
2018-08-31 15:47:32.921838, 108,315,42,61,138270,400,11016,11076,48114,48164
2018-08-31 15:47:35.459587, 102,316,11,64,736127,385,12294,12346,174,224
2018-08-31 15:47:35.498724, 109,317,27,62,149354,384,16659,16755,1433,1483
2018-08-31 15:47:35.565423, 107,318,27,63,173333,384,65028,65070,3624,3674
2018-08-31 15:47:35.594792, 103,319,27,62,153686,400,3853,3946,4580,4630
2018-08-31 15:47:35.923642, 108,320,43,62,143742,384,43784,43844,15340,15390
2018-08-31 15:47:38.469372, 102,321,12,65,750164,385,45318,45370,33193,33242
2018-08-31 15:47:38.507547, 109,322,28,63,265994,385,49678,49774,34446,34496
2018-08-31 15:47:38.566789, 107,323,28,64,288383,384,32260,32302,36387,36436
2018-08-31 15:47:38.596164, 103,324,28,63,262822,384,36621,36714,37342,37393
2018-08-31 15:47:38.799401, 108,325,44,63,246013,368,6920,6980,44007,44057
2018-08-31 15:47:41.478645, 102,326,13,66,608748,385,12806,12858,675,725
2018-08-31 15:47:41.501094, 109,327,29,64,18487,383,16654,16750,1416,1466
2018-08-31 15:47:41.568582, 107,328,29,65,42901,384,65028,65070,3613,3663
2018-08-31 15:47:41.597939, 103,329,29,64,14157,384,3853,3946,4569,4620
2018-08-31 15:47:41.925965, 108,330,45,64,14409,400,43784,43844,15329,15379
2018-08-31 15:47:44.487845, 102,331,14,67,728296,385,45830,45882,33694,33744
2018-08-31 15:47:44.503454, 109,332,30,65,138711,384,49425,49522,34183,34233
2018-08-31 15:47:44.569972, 107,333,30,66,162517,384,32260,32302,36375,36425
2018-08-31 15:47:44.599431, 103,334,30,65,136121,384,36621,36714,37331,37382
2018-08-31 15:47:44.802756, 108,335,46,65,126979,368,6920,6980,43995,44046
2018-08-31 15:47:47.497751, 102,336,15,68,736027,385,13318,13370,1177,1227
2018-08-31 15:47:47.571109, 107,337,31,67,173402,384,65028,65070,3602,3651
2018-08-31 15:47:47.600444, 103,338,31,66,146493,384,3853,3946,4557,4607
2018-08-31 15:47:47.629795, 109,339,31,66,155622,400,20750,20846,5501,5551
2018-08-31 15:47:47.929096, 108,340,47,66,149945,400,43784,43844,15317,15368
2018-08-31 15:47:50.506684, 102,341,0,69,749962,385,46342,46394,34195,34245
2018-08-31 15:47:50.573164, 107,342,16,68,288036,384,32260,32302,36364,36414
2018-08-31 15:47:50.602541, 103,343,16,67,262936,384,36621,36714,37319,37369
2018-08-31 15:47:50.630865, 109,344,16,67,265319,384,53518,53614,38263,38313
2018-08-31 15:47:50.930676, 108,345,32,67,256167,384,11016,11076,48080,48131
2018-08-31 15:47:53.515712, 102,346,1,70,610899,385,13830,13882,1678,1728
2018-08-31 15:47:53.574339, 107,347,17,69,42767,384,65028,65070,3590,3640
2018-08-31 15:47:53.603663, 103,348,17,68,17683,384,3853,3946,4545,4595
2018-08-31 15:47:53.639895, 109,349,17,68,22809,385,21006,21102,5746,5796
2018-08-31 15:47:53.932059, 108,350,33,68,14282,384,43784,43844,15306,15356
2018-08-31 15:47:56.524999, 102,351,2,71,728234,385,46854,46906,34697,34747
2018-08-31 15:47:56.575860, 107,352,18,70,162187,384,32260,32302,36353,36402
2018-08-31 15:47:56.605155, 103,353,18,69,135824,384,36621,36714,37308,37357
2018-08-31 15:47:56.633584, 109,354,18,69,138259,383,53518,53614,38252,38302
2018-08-31 15:47:56.808654, 108,355,34,69,127267,368,6920,6980,43972,44022
2018-08-31 15:47:59.534898, 102,356,3,72,736054,385,14342,14394,2180,2229
2018-08-31 15:47:59.577933, 107,357,19,71,173161,384,65028,65070,3579,3629
2018-08-31 15:47:59.606252, 103,358,19,70,146459,384,3853,3946,4534,4584
2018-08-31 15:47:59.636577, 109,359,19,70,149535,384,20756,20868,5500,5550
2018-08-31 15:47:59.935729, 108,360,35,70,151538,400,43784,43844,15294,15345
2018-08-31 15:48:02.544347, 102,361,4,73,749892,385,47366,47418,35198,35248
2018-08-31 15:48:02.578585, 107,362,20,72,288264,384,32260,32302,36341,36391
2018-08-31 15:48:02.607924, 103,363,20,71,262764,384,36621,36714,37296,37346
2018-08-31 15:48:02.645097, 109,364,20,71,266181,385,53774,53870,38497,38547
2018-08-31 15:48:02.936843, 108,365,36,71,257633,384,11016,11076,48057,48107
2018-08-31 15:48:05.553688, 102,366,5,74,608888,385,14854,14906,2681,2731
2018-08-31 15:48:05.580090, 107,367,21,73,42833,384,65028,65070,3568,3617
2018-08-31 15:48:05.609441, 103,368,21,72,14119,384,3853,3946,4522,4572
2018-08-31 15:48:05.638833, 109,369,21,72,18616,383,20750,20846,5467,5517
2018-08-31 15:48:05.937882, 108,370,37,72,14614,384,43784,43844,15283,15333
2018-08-31 15:48:08.562811, 102,371,6,75,728286,385,47878,47930,35700,35749
2018-08-31 15:48:08.582373, 107,372,22,74,162384,384,32260,32302,36330,36380
2018-08-31 15:48:08.610691, 103,373,22,73,135997,384,36621,36714,37284,37334
2018-08-31 15:48:08.641054, 109,374,22,73,138872,384,53521,53632,38248,38298
2018-08-31 15:48:08.815161, 108,375,38,73,127165,368,6920,6980,43950,44000
2018-08-31 15:48:11.571967, 102,376,7,76,735869,385,15366,15418,3182,3232
2018-08-31 15:48:11.583696, 107,377,23,75,173121,384,65028,65070,3556,3606
2018-08-31 15:48:11.613007, 103,378,23,74,146542,384,3853,3946,4511,4560
2018-08-31 15:48:11.641403, 109,379,23,74,149346,384,20750,20846,5456,5506
2018-08-31 15:48:11.941711, 108,380,39,74,149930,400,43784,43844,15272,15322
2018-08-31 15:48:14.581707, 102,381,8,77,749923,385,48390,48442,36201,36251
2018-08-31 15:48:14.613988, 103,382,24,75,262977,384,36621,36714,37273,37323
2018-08-31 15:48:14.643344, 109,383,24,75,265096,384,53518,53614,38218,38268
2018-08-31 15:48:14.709836, 107,384,24,76,301927,400,36356,36398,40414,40465
2018-08-31 15:48:15.067847, 108,385,40,75,267288,400,15112,15172,52130,52180
2018-08-31 15:48:17.590504, 102,386,9,78,609738,385,15878,15930,3684,3734
2018-08-31 15:48:17.615939, 103,387,25,76,14384,384,3853,3946,4499,4549
2018-08-31 15:48:17.652162, 109,388,25,76,19785,385,21006,21102,5701,5751
2018-08-31 15:48:17.711851, 107,389,25,77,42805,384,3588,3630,7641,7691
2018-08-31 15:48:17.944595, 108,390,41,76,13992,368,43784,43844,15260,15310
2018-08-31 15:48:20.600469, 102,391,10,79,727159,385,48902,48954,36703,36752
2018-08-31 15:48:20.618075, 103,392,26,77,136121,384,36621,36714,37261,37311
2018-08-31 15:48:20.646484, 109,393,26,77,138176,383,53518,53614,38207,38257
2018-08-31 15:48:20.712995, 107,394,26,78,162357,384,36356,36398,40403,40454
2018-08-31 15:48:21.070943, 108,395,42,77,138169,400,15112,15172,52118,52168
2018-08-31 15:48:23.609343, 102,396,11,80,731961,385,16390,16442,4185,4235
2018-08-31 15:48:23.647460, 109,397,27,78,150407,384,20755,20851,5439,5489
2018-08-31 15:48:23.714958, 107,398,27,79,174543,384,3588,3630,7629,7679
2018-08-31 15:48:23.744279, 103,399,27,78,155515,400,7949,8042,8583,8633
2018-08-31 15:48:23.947756, 108,400,43,78,139503,368,43784,43844,15249,15299
2018-08-31 15:48:26.618771, 102,401,12,81,749965,385,49414,49466,37204,37254
2018-08-31 15:48:26.656856, 109,402,28,79,269634,385,53774,53870,38452,38502
2018-08-31 15:48:26.716566, 107,403,28,80,292017,384,36356,36398,40392,40441
2018-08-31 15:48:26.744923, 103,404,28,79,263303,384,40717,40810,41345,41395
2018-08-31 15:48:27.074062, 108,405,44,79,267063,400,15112,15172,52107,52157
2018-08-31 15:48:28.919790, 112,406,20,8,2283675,7680,29706,29780,47004,47053
2018-08-31 15:48:29.627941, 102,407,13,82,608844,385,16902,16954,4687,4736
2018-08-31 15:48:29.650455, 109,408,29,80,18480,383,20750,20846,5422,5472
2018-08-31 15:48:29.717929, 107,409,29,81,42846,384,3588,3630,7618,7668
2018-08-31 15:48:29.747282, 103,410,29,80,18212,384,7949,8042,8571,8621
2018-08-31 15:48:30.075959, 108,411,45,80,14007,384,47880,47940,19333,19383
2018-08-31 15:48:32.637313, 102,412,14,83,728368,385,49926,49978,37705,37755
2018-08-31 15:48:32.652936, 109,413,30,81,138705,384,53519,53616,38186,38236
2018-08-31 15:48:32.719473, 107,414,30,82,162491,384,36356,36398,40380,40430
2018-08-31 15:48:32.748811, 103,415,30,81,136136,384,40717,40810,41334,41384
2018-08-31 15:48:32.952265, 108,416,46,81,126946,368,11016,11076,47999,48050
2018-08-31 15:48:35.647144, 102,417,15,84,735350,385,17414,17466,5188,5238
2018-08-31 15:48:35.720502, 107,418,31,83,173066,384,3588,3630,7607,7656
2018-08-31 15:48:35.750436, 103,419,31,82,146416,384,7949,8042,8560,8610
2018-08-31 15:48:35.778757, 109,420,31,82,155597,400,24846,24942,9507,9557
2018-08-31 15:48:36.078626, 108,421,47,82,149850,400,47880,47940,19322,19372
2018-08-31 15:48:38.656422, 102,422,0,85,749943,385,50438,50490,38207,38256
2018-08-31 15:48:38.721957, 107,423,16,84,287936,384,36356,36398,40369,40419
2018-08-31 15:48:38.751330, 103,424,16,83,262963,384,40717,40810,41322,41372
2018-08-31 15:48:38.780598, 109,425,16,83,265370,384,57614,57710,42269,42319
2018-08-31 15:48:39.079940, 108,426,32,83,256512,384,15112,15172,52084,52134
2018-08-31 15:48:41.666005, 102,427,1,86,609461,385,17926,17978,5689,5739
2018-08-31 15:48:41.723707, 107,428,17,85,44248,384,3588,3630,7595,7645
2018-08-31 15:48:41.753032, 103,429,17,84,14550,384,7949,8042,8548,8598
2018-08-31 15:48:41.789241, 109,430,17,84,21710,385,25102,25198,9752,9802
2018-08-31 15:48:42.081711, 108,431,33,84,31991,384,47880,47940,19310,19360
2018-08-31 15:48:44.675485, 102,432,2,87,728263,385,50950,51002,38708,38758
2018-08-31 15:48:44.725362, 107,433,18,86,162207,384,36356,36398,40357,40407
2018-08-31 15:48:44.754708, 103,434,18,85,135960,384,40717,40810,41310,41360
2018-08-31 15:48:44.783102, 109,435,18,85,138481,383,57614,57710,42258,42308
2018-08-31 15:48:45.083386, 108,436,34,85,132660,384,15112,15172,52072,52122
2018-08-31 15:48:47.683982, 102,437,3,88,736837,385,18438,18490,6191,6241
2018-08-31 15:48:47.726953, 107,438,19,87,173187,384,3588,3630,7584,7634
2018-08-31 15:48:47.756344, 103,439,19,86,148241,384,7949,8042,8536,8586
2018-08-31 15:48:47.785642, 109,440,19,86,153858,384,24867,24964,9506,9556
2018-08-31 15:48:48.084938, 108,441,35,86,144857,384,47880,47940,19299,19349
2018-08-31 15:48:50.693776, 102,442,4,89,750062,385,51462,51514,39210,39259
2018-08-31 15:48:50.728041, 107,443,20,88,288305,384,36356,36398,40346,40396
2018-08-31 15:48:50.757385, 103,444,20,87,263276,384,40717,40810,41299,41349
2018-08-31 15:48:50.794554, 109,445,20,87,266149,385,57870,57966,42503,42553
2018-08-31 15:48:50.960882, 108,446,36,87,246825,368,11016,11076,47965,48015
2018-08-31 15:48:53.703478, 102,447,5,90,611695,385,18950,19002,6692,6742
2018-08-31 15:48:53.729842, 107,448,21,89,42758,384,3588,3630,7572,7622
2018-08-31 15:48:53.759213, 103,449,21,88,15888,384,7949,8042,8525,8575
2018-08-31 15:48:53.787614, 109,450,21,88,38914,383,24846,24942,9473,9523
2018-08-31 15:48:54.087846, 108,451,37,88,17265,400,47880,47940,19287,19337
2018-08-31 15:48:56.712456, 102,452,6,91,727190,385,51974,52026,39711,39761
2018-08-31 15:48:56.731080, 107,453,22,90,162362,384,36356,36398,40335,40385
2018-08-31 15:48:56.760384, 103,454,22,89,136068,384,40717,40810,41287,41337
2018-08-31 15:48:56.789725, 109,455,22,89,138857,384,57617,57729,42254,42304
2018-08-31 15:48:57.089026, 108,456,38,89,132577,384,15112,15172,52049,52099
2018-08-31 15:48:59.721485, 102,457,7,92,735387,385,19462,19514,7194,7243
2018-08-31 15:48:59.733235, 107,458,23,91,173296,384,3588,3630,7561,7611
2018-08-31 15:48:59.761589, 103,459,23,90,146512,384,7949,8042,8513,8563
2018-08-31 15:48:59.790931, 109,460,23,90,149324,384,24846,24942,9462,9512
2018-08-31 15:49:00.090230, 108,461,39,90,144066,384,47880,47940,19276,19326
2018-08-31 15:49:02.731580, 102,462,8,93,750052,385,52486,52538,40212,40262
2018-08-31 15:49:02.763813, 103,463,24,91,262790,384,40717,40810,41275,41325
2018-08-31 15:49:02.792209, 109,464,24,91,265078,384,57614,57710,42224,42274
2018-08-31 15:49:02.859666, 107,465,24,92,300138,400,40452,40494,44419,44469
2018-08-31 15:49:03.217666, 108,466,40,91,267186,400,19208,19268,56134,56184
2018-08-31 15:49:05.740016, 102,467,9,94,609813,385,19974,20026,7695,7745
2018-08-31 15:49:05.765448, 103,468,25,92,14483,384,7949,8042,8502,8551
2018-08-31 15:49:05.801689, 109,469,25,92,19737,385,25102,25198,9707,9757
2018-08-31 15:49:05.861305, 107,470,25,93,42795,384,7684,7726,11645,11695
2018-08-31 15:49:06.218432, 108,471,41,92,14463,384,51976,52036,23360,23410
2018-08-31 15:49:08.749425, 102,472,10,95,727298,385,52998,53050,40714,40764
2018-08-31 15:49:08.767033, 103,473,26,93,136209,384,40717,40810,41264,41314
2018-08-31 15:49:08.795385, 109,474,26,93,138124,383,57614,57710,42213,42263
2018-08-31 15:49:08.862864, 107,475,26,94,162396,384,40452,40494,44408,44458
2018-08-31 15:49:09.095674, 108,476,42,93,126656,368,15112,15172,52026,52076
2018-08-31 15:49:11.759075, 102,477,11,96,735438,385,20486,20538,8197,8246
2018-08-31 15:49:11.797161, 109,478,27,94,150749,384,24852,24949,9446,9496
2018-08-31 15:49:11.863681, 107,479,27,95,173248,384,7684,7726,11634,11684
2018-08-31 15:49:11.893012, 103,480,27,94,157302,400,12045,12138,12586,12636
2018-08-31 15:49:12.096467, 108,481,43,94,143666,384,47880,47940,19253,19303
2018-08-31 15:49:14.768305, 102,482,12,97,750076,385,53510,53562,41215,41265
2018-08-31 15:49:14.806441, 109,483,28,95,265995,385,57870,57966,42458,42509
2018-08-31 15:49:14.865169, 107,484,28,96,288332,384,40452,40494,44396,44446
2018-08-31 15:49:14.894512, 103,485,28,95,263399,384,44813,44906,45348,45398
2018-08-31 15:49:15.097958, 108,486,44,95,256365,384,15112,15172,52015,52065
2018-08-31 15:49:17.777579, 102,487,13,98,609907,385,20998,21050,8698,8748
2018-08-31 15:49:17.800069, 109,488,29,96,18537,383,24846,24942,9428,9479
2018-08-31 15:49:17.867520, 107,489,29,97,42927,384,7684,7726,11623,11672
2018-08-31 15:49:17.895924, 103,490,29,96,14833,384,12045,12138,12574,12624
2018-08-31 15:49:18.099374, 108,491,45,96,14588,384,47880,47940,19241,19291
2018-08-31 15:49:20.787094, 102,492,14,99,728073,385,54022,54074,41717,41766
2018-08-31 15:49:20.802729, 109,493,30,97,138677,384,57619,57715,42196,42247
2018-08-31 15:49:20.868265, 107,494,30,98,162432,384,40452,40494,44385,44435
2018-08-31 15:49:20.897585, 103,495,30,97,136243,384,44813,44906,45336,45386
2018-08-31 15:49:21.101017, 108,496,46,97,132396,384,15112,15172,52003,52054
2018-08-31 15:49:23.796941, 102,497,15,100,736022,385,21510,21562,9199,9249
2018-08-31 15:49:23.870345, 107,498,31,99,173048,384,7684,7726,11611,11661
2018-08-31 15:49:23.899637, 103,499,31,98,146789,384,12045,12138,12562,12612
2018-08-31 15:49:23.928055, 109,500,31,98,156566,400,28942,29038,13513,13563
2018-08-31 15:49:24.103091, 108,501,47,98,143899,384,47880,47940,19230,19280
2018-08-31 15:49:26.805487, 102,502,0,101,750178,385,54534,54586,42218,42268
2018-08-31 15:49:26.871984, 107,503,16,100,287862,384,40452,40494,44374,44423
2018-08-31 15:49:26.900325, 103,504,16,99,263179,384,44813,44906,45325,45374
2018-08-31 15:49:26.929716, 109,505,16,99,265307,384,61710,61806,46275,46325
2018-08-31 15:49:27.104829, 108,506,32,99,255851,384,15112,15172,51992,52042
2018-08-31 15:49:28.949703, 112,507,20,9,2283153,7680,29706,29780,46893,46942
2018-08-31 15:49:29.815496, 102,508,1,102,609862,385,22022,22074,9701,9751
2018-08-31 15:49:29.873226, 107,509,17,101,42748,384,7684,7726,11600,11650
2018-08-31 15:49:29.902584, 103,510,17,100,14657,384,12045,12138,12551,12601
2018-08-31 15:49:29.940733, 109,511,17,100,19940,385,29198,29294,13758,13808
2018-08-31 15:49:30.106033, 108,512,33,100,14332,384,47880,47940,19218,19268
2018-08-31 15:49:32.824475, 102,513,2,103,728275,385,55046,55098,42720,42769
2018-08-31 15:49:32.903702, 103,514,18,101,136381,384,44813,44906,45313,45363
2018-08-31 15:49:32.933065, 109,515,18,101,138254,383,61710,61806,46264,46314
2018-08-31 15:49:35.833687, 102,516,3,104,735083,385,22534,22586,10202,10253
2018-08-31 15:49:35.876728, 107,517,19,102,304744,768,7684,7726,11589,11638
2018-08-31 15:49:35.905113, 103,518,19,102,146832,384,12045,12138,12539,12589
2018-08-31 15:49:35.935426, 109,519,19,102,149442,384,28963,29060,13512,13562
2018-08-31 15:49:36.233733, 108,520,35,101,269959,784,51976,52036,23303,23352
2018-08-31 15:49:38.842976, 102,521,4,105,750117,385,55558,55610,43221,43272
2018-08-31 15:49:38.878228, 107,522,20,103,287649,384,40452,40494,44351,44401
2018-08-31 15:49:38.906544, 103,523,20,103,263367,384,44813,44906,45301,45351
2018-08-31 15:49:38.945712, 109,524,20,103,266183,385,61966,62062,46509,46559
2018-08-31 15:49:39.109995, 108,525,36,102,246798,368,15112,15172,51969,52019
2018-08-31 15:49:41.852899, 102,526,5,106,608649,385,23046,23098,10704,10754
2018-08-31 15:49:44.861560, 102,527,6,107,726789,385,56070,56122,43722,43772
2018-08-31 15:49:47.871242, 102,528,7,108,735018,385,23558,23610,11205,11255
2018-08-31 15:49:50.881059, 102,529,8,109,750161,385,56582,56634,44224,44274
2018-08-31 15:49:53.890156, 102,530,9,110,607960,385,24070,24122,11707,11756
2018-08-31 15:49:56.899497, 102,531,10,111,726640,385,57094,57146,44725,44775
2018-08-31 15:49:59.908272, 102,532,11,112,734887,385,24582,24634,12208,12258
2018-08-31 15:50:02.918244, 102,533,12,113,750163,385,57606,57658,45227,45276
2018-08-31 15:50:05.927642, 102,534,13,114,607789,385,25094,25146,12709,12759
2018-08-31 15:50:08.937259, 102,535,14,115,726833,385,58118,58170,45728,45778
2018-08-31 15:50:11.945955, 102,536,15,116,735129,385,25606,25658,13211,13261
2018-08-31 15:50:14.957777, 102,537,0,117,750228,385,58630,58682,46230,46279
2018-08-31 15:50:17.966716, 102,538,1,118,607733,385,26118,26170,13712,13762
2018-08-31 15:50:20.974055, 102,539,2,119,726838,385,59142,59194,46731,46781
2018-08-31 15:50:23.983468, 102,540,3,120,735160,385,26630,26682,14214,14264
2018-08-31 15:50:26.993300, 102,541,4,121,750402,385,59654,59706,47233,47282
2018-08-31 15:50:28.980528, 112,542,20,10,2282118,7680,29706,29780,46781,46831
2018-08-31 15:50:30.002649, 102,543,5,122,608009,385,27142,27194,14715,14765
2018-08-31 15:50:33.012031, 102,544,6,123,726970,385,60166,60218,47734,47784
2018-08-31 15:50:36.020759, 102,545,7,124,735085,385,27654,27706,15217,15266
2018-08-31 15:50:38.910191, 107,546,20,104,10343224,7680,40452,40494,44237,44287
2018-08-31 15:50:38.937575, 103,547,20,104,10369473,7680,44813,44906,45185,45235
2018-08-31 15:50:38.975751, 109,548,20,104,10010704,7680,61966,62062,46397,46446
2018-08-31 15:50:39.030490, 102,549,8,125,750580,385,60678,60730,48235,48285
2018-08-31 15:50:39.141059, 108,550,36,103,10048091,7680,15112,15172,51854,51904
2018-08-31 15:50:42.039627, 102,551,9,126,607956,385,28166,28218,15718,15768
2018-08-31 15:50:45.049193, 102,552,10,127,726739,385,61190,61242,48737,48787
2018-08-31 15:50:48.058603, 102,553,11,128,735038,385,28678,28730,16220,16269
2018-08-31 15:50:51.067606, 102,554,12,129,750828,385,61702,61754,49238,49288
2018-08-31 15:50:54.077184, 102,555,13,130,607823,385,29190,29242,16721,16771
2018-08-31 15:50:57.086883, 102,556,14,131,727001,385,62214,62266,49740,49790
2018-08-31 15:51:00.095788, 102,557,15,132,735286,385,29702,29754,17223,17272
2018-08-31 15:51:03.105424, 102,558,0,133,750979,385,62726,62778,50241,50291
2018-08-31 15:51:06.114615, 102,559,1,134,607779,385,30214,30266,17724,17774
2018-08-31 15:51:09.123969, 102,560,2,135,727048,385,63238,63290,50743,50793
2018-08-31 15:51:12.132995, 102,561,3,136,735332,385,30726,30778,18226,18275
2018-08-31 15:51:15.142635, 102,562,4,137,751151,385,63750,63802,51244,51294
2018-08-31 15:51:18.151291, 102,563,5,138,607790,385,31238,31290,18727,18777
2018-08-31 15:51:21.161122, 102,564,6,139,726996,385,64262,64314,51746,51795
2018-08-31 15:51:24.170234, 102,565,7,140,735163,385,31750,31802,19228,19278
2018-08-31 15:51:27.179981, 102,566,8,141,751309,385,64774,64826,52247,52297
2018-08-31 15:51:29.011137, 112,567,20,11,2283357,7680,29706,29780,46670,46720
2018-08-31 15:51:30.188799, 102,568,9,142,607901,385,32262,32314,19730,19780
2018-08-31 15:51:33.198409, 102,569,10,143,727077,385,65286,65338,52749,52798
2018-08-31 15:51:36.208272, 102,570,11,144,735169,385,32776,32827,20233,20283
2018-08-31 15:51:38.940207, 107,571,20,105,10833224,7680,40452,40494,44124,44173
2018-08-31 15:51:38.967637, 103,572,20,105,10912305,7680,44813,44906,45070,45119
2018-08-31 15:51:39.006802, 109,573,20,105,10530169,7680,61966,62062,46284,46334
2018-08-31 15:51:39.171340, 108,574,36,104,10532219,7680,15112,15172,51739,51789
2018-08-31 15:51:39.217304, 102,575,12,145,751427,385,262,314,53250,53300
2018-08-31 15:51:42.227037, 102,576,13,146,607762,385,33286,33338,20733,20783
2018-08-31 15:51:45.236321, 102,577,14,147,727094,385,774,826,53752,53801
2018-08-31 15:51:48.245129, 102,578,15,148,735165,385,33798,33850,21234,21284
2018-08-31 15:51:51.254168, 102,579,0,149,751508,385,1286,1338,54253,54303
2018-08-31 15:51:54.264076, 102,580,1,150,607714,385,34310,34362,21736,21786
2018-08-31 15:51:57.272907, 102,581,2,151,727094,385,1798,1850,54755,54804
2018-08-31 15:52:00.282359, 102,582,3,152,735332,385,34822,34874,22237,22288
2018-08-31 15:52:03.291872, 102,583,4,153,751624,385,2310,2362,55256,55307
2018-08-31 15:52:06.301170, 102,584,5,154,607787,385,35334,35386,22739,22789
2018-08-31 15:52:09.310773, 102,585,6,155,727000,385,2822,2874,55758,55807
2018-08-31 15:52:12.319890, 102,586,7,156,735382,385,35846,35898,23240,23290
2018-08-31 15:52:15.329471, 102,587,8,157,751708,385,3334,3386,56259,56309
2018-08-31 15:52:18.338778, 102,588,9,158,607825,385,36358,36410,23742,23792
2018-08-31 15:52:21.348160, 102,589,10,159,727030,385,3846,3898,56761,56810
2018-08-31 15:52:24.357314, 102,590,11,160,735348,385,36870,36922,24243,24293
2018-08-31 15:52:27.366777, 102,591,12,161,751760,385,4358,4410,57262,57312
2018-08-31 15:52:29.041042, 112,592,20,12,2281828,7680,29706,29780,46559,46609
2018-08-31 15:52:30.376050, 102,593,13,162,607727,385,37382,37434,24745,24795
2018-08-31 15:52:33.385470, 102,594,14,163,727094,385,4870,4922,57764,57813
2018-08-31 15:52:36.394700, 102,595,15,164,735368,385,37894,37946,25246,25296
2018-08-31 15:52:38.970520, 107,596,20,106,10831418,7680,40452,40494,44010,44060
2018-08-31 15:52:38.997940, 103,597,20,106,10900669,7680,44813,44906,44953,45003
2018-08-31 15:52:39.035124, 109,598,20,106,10538316,7680,61966,62062,46172,46222
2018-08-31 15:52:39.201562, 108,599,36,105,10533940,7680,15112,15172,51625,51674
2018-08-31 15:52:39.404070, 102,600,0,165,751826,385,5382,5434,58265,58315
2018-08-31 15:52:42.413862, 102,601,1,166,607659,385,38406,38458,25748,25798
2018-08-31 15:52:45.423328, 102,602,2,167,727060,385,5894,5946,58767,58816
2018-08-31 15:52:48.432700, 102,603,3,168,735449,385,38918,38970,26249,26299
2018-08-31 15:52:51.441843, 102,604,4,169,751939,385,6406,6458,59268,59318
2018-08-31 15:52:54.451356, 102,605,5,170,607524,385,39430,39482,26751,26801
2018-08-31 15:52:57.460010, 102,606,6,171,727088,385,6918,6970,59770,59819
2018-08-31 15:53:00.469863, 102,607,7,172,735392,385,39942,39994,27252,27302
2018-08-31 15:53:03.478560, 102,608,8,173,752035,385,7430,7482,60271,60321
2018-08-31 15:53:06.488147, 102,609,9,174,607599,385,40454,40506,27754,27804
2018-08-31 15:53:09.497751, 102,610,10,175,727134,385,7942,7994,60773,60822
2018-08-31 15:53:12.507465, 102,611,11,176,735565,385,40966,41018,28255,28305
2018-08-31 15:53:15.516135, 102,612,12,177,752180,385,8454,8506,61274,61324
2018-08-31 15:53:18.525750, 102,613,13,178,607569,385,41478,41530,28757,28807
2018-08-31 15:53:21.535355, 102,614,14,179,727059,385,8966,9018,61776,61825
2018-08-31 15:53:24.544154, 102,615,15,180,735594,385,41990,42042,29258,29308
2018-08-31 15:53:27.553913, 102,616,0,181,752340,385,9478,9530,62277,62327
2018-08-31 15:53:29.071782, 112,617,20,13,2278909,7680,29706,29780,46448,46498
2018-08-31 15:53:30.563456, 102,618,1,182,607711,385,42502,42554,29760,29810
2018-08-31 15:53:33.572376, 102,619,2,183,726943,385,9990,10042,62779,62828
2018-08-31 15:53:36.581680, 102,620,3,184,735620,385,43014,43066,30261,30311
2018-08-31 15:53:39.001304, 107,621,20,107,10824457,7680,40452,40494,43896,43946
2018-08-31 15:53:39.029628, 103,622,20,107,10913053,7680,44813,44906,44837,44887
2018-08-31 15:53:39.065829, 109,623,20,107,10542508,7680,61966,62062,46061,46111
2018-08-31 15:53:39.231858, 108,624,36,106,10539791,7680,15112,15172,51510,51560
2018-08-31 15:53:39.590839, 102,625,4,185,752458,385,10502,10554,63280,63330
2018-08-31 15:53:42.600129, 102,626,5,186,607712,385,43526,43578,30763,30813
2018-08-31 15:53:45.609487, 102,627,6,187,727228,385,11014,11066,63782,63831
2018-08-31 15:53:48.619120, 102,628,7,188,735475,385,44038,44090,31264,31314
2018-08-31 15:53:51.628723, 102,629,8,189,752588,385,11526,11578,64283,64333
2018-08-31 15:53:54.638177, 102,630,9,190,607380,385,44550,44602,31766,31816
2018-08-31 15:53:57.647012, 102,631,10,191,727245,385,12038,12090,64785,64834
2018-08-31 15:54:00.656403, 102,632,11,192,735465,385,45062,45114,32267,32317
2018-08-31 15:54:03.665993, 102,633,12,193,752657,385,12550,12602,65286,65336
2018-08-31 15:54:06.675641, 102,634,13,194,607538,385,45574,45626,32769,32819
2018-08-31 15:54:09.684371, 102,635,14,195,727209,385,13062,13114,252,301
2018-08-31 15:54:12.694308, 102,636,15,196,735617,385,46086,46138,33270,33320
2018-08-31 15:54:15.702982, 102,637,0,197,752677,385,13574,13626,753,803
2018-08-31 15:54:18.713084, 102,638,1,198,607571,385,46598,46650,33772,33822
2018-08-31 15:54:21.721673, 102,639,2,199,727083,385,14086,14138,1255,1304
2018-08-31 15:54:24.731876, 102,640,3,200,735445,385,47110,47162,34273,34323
2018-08-31 15:54:27.740551, 102,641,4,201,752698,385,14598,14650,1756,1807
2018-08-31 15:54:29.102088, 112,642,20,14,2275858,7680,29706,29780,46337,46387
2018-08-31 15:54:30.750194, 102,643,5,202,607697,385,47622,47674,34775,34825
2018-08-31 15:54:33.759302, 102,644,6,203,727212,385,15110,15162,2258,2308
2018-08-31 15:54:36.768146, 102,645,7,204,735681,385,48134,48186,35276,35326
2018-08-31 15:54:39.030719, 107,646,20,108,10834076,7680,40452,40494,43783,43833
2018-08-31 15:54:39.058297, 103,647,20,108,10911432,7680,44813,44906,44721,44771
2018-08-31 15:54:39.097665, 109,648,20,108,10549350,7680,61966,62062,45949,45999
2018-08-31 15:54:39.261993, 108,649,36,107,10544346,7680,15112,15172,51395,51445
2018-08-31 15:54:39.777391, 102,650,8,205,752722,385,15622,15674,2759,2809
