2018-08-31 15:11:46.719706, make -k -j 20 z1-reset-sequence
2018-08-31 15:11:46.795356, make[1]: Entering directory `/home/user/contiki-master/examples/ipv6/multicast/simulations-bmrf-simple-contikiMAC-real'
2018-08-31 15:11:46.795440, ../../../../tools/zolertia/z1-bsl-nopic --z1 -c /dev/ttyUSB0 -r
2018-08-31 15:11:47.636559, Done
2018-08-31 15:11:47.636830, make[1]: Leaving directory `/home/user/contiki-master/examples/ipv6/multicast/simulations-bmrf-simple-contikiMAC-real'
2018-08-31 15:11:47.644223, ../../../../tools/sky/serialdump-linux -b115200 /dev/ttyUSB0
2018-08-31 15:11:48.310263, Rime started with address 100.0
2018-08-31 15:11:48.320164, MAC 64:00:00:00:00:00:00:00 Contiki 2.6 started. Node id is set to 100.
2018-08-31 15:11:48.329984, CSMA nullrdc, channel check rate 128 Hz, radio channel 16
2018-08-31 15:11:48.330049, Starting 'receiving messages from white motes'
2018-08-31 15:12:40.860448, 108,1,20,1,1860,10,30479,30586,42484,42534
2018-08-31 15:12:49.811266, 109,2,20,1,8676,18,33041,33166,7990,8040
2018-08-31 15:13:08.479437, 102,3,11,1,14822427,7680,26373,26416,29447,29497
2018-08-31 15:13:15.613885, 103,4,20,1,452465,7680,28948,29093,956,1006
2018-08-31 15:13:24.512085, 112,5,36,1,455592,7680,28175,28287,30225,30275
2018-08-31 15:13:32.426128, 107,6,20,1,582207,7680,26372,26414,27263,27313
2018-08-31 15:13:40.891346, 108,7,20,2,436529,7680,30479,30581,42363,42413
2018-08-31 15:13:49.845058, 109,8,20,2,491419,7680,33041,33160,7872,7922
2018-08-31 15:14:08.509725, 102,9,11,2,14813739,7680,26373,26415,29338,29388
2018-08-31 15:14:15.643895, 103,10,20,2,373055,7680,28948,29086,830,880
2018-08-31 15:14:24.543034, 112,11,36,2,310446,7680,28175,28281,30107,30157
2018-08-31 15:14:32.456170, 107,12,20,2,470781,7680,26372,26412,27146,27196
2018-08-31 15:14:40.920751, 108,13,20,3,329042,7680,30479,30581,42247,42297
2018-08-31 15:14:49.874663, 109,14,20,3,407025,7680,33041,33160,7759,7809
2018-08-31 15:15:08.538552, 102,15,11,3,14796281,7680,26373,26415,29231,29281
2018-08-31 15:15:08.640424, 102,16,0,4,25042,13,29701,29743,32559,32609
2018-08-31 15:15:08.749031, 108,17,16,4,138416,3560,24334,24437,36050,36100
2018-08-31 15:15:08.792922, 107,18,16,3,280244,4649,36868,36908,37572,37622
2018-08-31 15:15:08.910206, 112,19,16,3,244161,5676,39439,39545,41288,41338
2018-08-31 15:15:08.927290, 103,20,16,3,263981,6817,4628,4766,41942,41993
2018-08-31 15:15:09.353554, 109,21,32,4,145895,2492,15633,15752,55851,55901
2018-08-31 15:15:11.649545, 102,22,1,5,606251,385,62725,62767,42,92
2018-08-31 15:15:11.748646, 108,23,17,5,26311,384,57102,57205,3276,3326
2018-08-31 15:15:11.784135, 112,24,17,4,14965,368,2575,2681,4418,4468
2018-08-31 15:15:11.845508, 109,25,33,5,16034,319,31780,31899,6457,6507
2018-08-31 15:15:11.920781, 107,26,17,4,24253,400,8196,8236,8894,8944
2018-08-31 15:15:12.046479, 103,27,17,4,16614,399,41233,41370,13004,13054
2018-08-31 15:15:14.660478, 102,28,2,6,727947,385,30213,30255,33060,33110
2018-08-31 15:15:14.749835, 108,29,18,6,137175,384,24335,24437,36038,36088
2018-08-31 15:15:14.784634, 112,30,18,5,141978,384,35343,35449,37181,37231
2018-08-31 15:15:14.849007, 109,31,34,6,139619,384,64534,64671,39223,39273
2018-08-31 15:15:14.931110, 103,32,18,5,132416,369,4628,4766,41930,41980
2018-08-31 15:15:15.047175, 107,33,18,5,149702,400,45060,45100,45752,45803
2018-08-31 15:15:17.667184, 102,34,3,7,734969,385,63237,63279,543,593
2018-08-31 15:15:17.751358, 108,35,19,7,149044,384,57103,57205,3264,3314
2018-08-31 15:15:17.786032, 112,36,19,6,153399,384,2575,2681,4407,4457
2018-08-31 15:15:17.857996, 109,37,35,7,151329,385,32017,32136,6683,6733
2018-08-31 15:15:17.922539, 107,38,19,6,146354,368,8196,8236,8883,8933
2018-08-31 15:15:18.050634, 103,39,19,6,155726,399,41268,41406,13028,13078
2018-08-31 15:15:20.679640, 102,40,4,8,741408,385,30725,30767,33562,33611
2018-08-31 15:15:20.752874, 108,41,20,8,261777,384,24335,24437,36026,36076
2018-08-31 15:15:20.789441, 112,42,20,7,273780,384,35343,35449,37169,37219
2018-08-31 15:15:20.857607, 109,43,36,8,266073,384,64785,64904,39445,39495
2018-08-31 15:15:20.933654, 103,44,20,7,254387,369,4628,4766,41918,41968
2018-08-31 15:15:21.050798, 107,45,20,7,280393,400,45060,45100,45741,45791
2018-08-31 15:15:23.688002, 102,46,5,9,612335,385,63749,63791,1044,1094
2018-08-31 15:15:23.754944, 108,47,21,9,19723,384,57103,57205,3253,3303
2018-08-31 15:15:23.789870, 112,48,21,8,16183,384,2575,2681,4396,4446
2018-08-31 15:15:23.860515, 109,49,37,9,20393,384,32017,32136,6672,6721
2018-08-31 15:15:24.052641, 103,50,21,8,18532,399,41263,41401,13011,13062
2018-08-31 15:15:24.178046, 107,51,21,8,24685,400,16388,16428,17063,17113
2018-08-31 15:15:26.697653, 102,52,6,10,727839,385,31237,31279,34063,34113
2018-08-31 15:15:26.756677, 108,53,22,10,137699,384,24335,24437,36015,36065
2018-08-31 15:15:26.791933, 112,54,22,9,154131,384,35343,35449,37158,37208
2018-08-31 15:15:26.861704, 109,55,38,10,140147,384,64785,64904,39434,39484
2018-08-31 15:15:26.927384, 107,56,22,9,130091,352,40964,41004,41634,41684
2018-08-31 15:15:27.055307, 103,57,22,9,139484,384,8468,8606,45746,45796
2018-08-31 15:15:29.706622, 102,58,7,11,735189,385,64261,64303,1546,1595
2018-08-31 15:15:29.758738, 108,59,23,11,148985,384,57103,57205,3241,3291
2018-08-31 15:15:29.792748, 112,60,23,10,153284,384,2575,2681,4384,4434
2018-08-31 15:15:29.855613, 109,61,39,11,149636,383,31769,31887,6412,6462
2018-08-31 15:15:29.929793, 107,62,23,10,153105,384,8196,8236,8860,8910
2018-08-31 15:15:30.056966, 103,63,23,10,148701,384,41246,41406,13004,13054
2018-08-31 15:15:32.717220, 102,64,8,12,741280,385,31749,31791,34564,34614
2018-08-31 15:15:32.759264, 108,65,24,12,261437,384,24335,24437,36003,36053
2018-08-31 15:15:32.795321, 112,66,24,11,273614,384,35343,35449,37147,37197
2018-08-31 15:15:32.864546, 109,67,40,12,266558,385,64785,64904,39423,39473
2018-08-31 15:15:32.933307, 107,68,24,11,268150,384,40964,41004,41622,41672
2018-08-31 15:15:33.055716, 103,69,24,11,265226,384,8468,8606,45734,45784
2018-08-31 15:15:35.723786, 102,70,9,13,612242,385,64773,64815,2047,2097
2018-08-31 15:15:35.761798, 108,71,25,13,19574,384,57103,57205,3229,3279
2018-08-31 15:15:35.795159, 112,72,25,12,16051,384,2575,2681,4373,4423
2018-08-31 15:15:35.865654, 109,73,41,13,20099,384,32017,32136,6649,6699
2018-08-31 15:15:35.940127, 107,74,25,12,23889,385,8452,8492,9104,9154
2018-08-31 15:15:36.065927, 103,75,25,12,17802,385,41492,41630,13216,13266
2018-08-31 15:15:38.735430, 102,76,10,14,728257,385,32261,32303,35066,35115
2018-08-31 15:15:38.798317, 112,77,26,13,142085,384,35343,35449,37136,37186
2018-08-31 15:15:38.886881, 108,78,26,14,143153,400,28431,28533,40087,40137
2018-08-31 15:15:38.935044, 107,79,26,13,142376,383,40964,41004,41611,41661
2018-08-31 15:15:38.992711, 109,80,42,14,145775,400,3345,3464,43507,43557
2018-08-31 15:15:39.060713, 103,81,26,13,138174,383,8467,8604,45721,45771
2018-08-31 15:15:41.744673, 102,82,11,15,734901,385,65285,65327,2548,2598
2018-08-31 15:15:41.799370, 112,83,27,14,154341,384,2575,2681,4362,4412
2018-08-31 15:15:41.889202, 108,84,27,15,150192,384,61199,61301,7314,7364
2018-08-31 15:15:41.935816, 103,85,27,14,162583,368,37140,37278,8853,8903
2018-08-31 15:15:41.994462, 109,86,43,15,152523,384,36113,36232,10734,10783
2018-08-31 15:15:44.752760, 102,87,12,16,741169,385,32774,32816,35568,35618
2018-08-31 15:15:44.801668, 112,88,28,15,273515,384,35343,35449,37124,37174
2018-08-31 15:15:44.892227, 108,89,28,16,261870,384,28431,28533,40076,40126
2018-08-31 15:15:44.938041, 103,90,28,15,274674,384,4372,4510,41615,41665
2018-08-31 15:15:44.987321, 109,91,44,16,264960,383,3089,3208,43240,43290
2018-08-31 15:15:45.187751, 107,92,28,14,317875,800,49156,49196,49791,49841
2018-08-31 15:15:47.761205, 102,93,13,17,612258,385,261,303,3049,3099
2018-08-31 15:15:47.801558, 112,94,29,16,16131,384,2575,2681,4351,4401
2018-08-31 15:15:47.891845, 108,95,29,17,19487,384,61199,61301,7302,7352
2018-08-31 15:15:48.063356, 107,96,29,15,23089,368,12292,12332,12921,12971
2018-08-31 15:15:48.121347, 109,97,45,17,23215,401,40209,40328,14818,14868
2018-08-31 15:15:48.197626, 103,98,29,16,22998,417,45588,45726,17288,17339
2018-08-31 15:15:50.771960, 102,99,14,18,726258,385,33285,33327,36068,36118
2018-08-31 15:15:50.803074, 112,100,30,17,145710,384,35343,35449,37113,37163
2018-08-31 15:15:50.893752, 108,101,30,18,142509,384,28431,28533,40064,40114
2018-08-31 15:15:50.939826, 107,102,30,16,136993,368,40964,41004,41588,41638
2018-08-31 15:15:50.992082, 109,103,46,18,136283,367,3097,3216,43237,43287
2018-08-31 15:15:51.067230, 103,104,30,17,153233,367,8495,8633,45726,45776
2018-08-31 15:15:53.780692, 102,105,15,19,735116,385,773,815,3551,3601
2018-08-31 15:15:53.817296, 107,106,31,17,150660,368,4102,4142,4720,4770
2018-08-31 15:15:53.896044, 108,107,31,19,151824,384,61199,61301,7290,7340
2018-08-31 15:15:53.931348, 112,108,31,18,163225,400,6671,6777,8435,8485
2018-08-31 15:15:53.993096, 109,109,47,19,150204,384,35866,36003,10482,10532
2018-08-31 15:15:54.075675, 103,110,31,18,153829,385,41492,41630,13181,13231
2018-08-31 15:15:56.791751, 102,111,0,20,741110,385,33797,33839,36569,36620
2018-08-31 15:15:56.819728, 107,112,16,18,267985,384,36868,36908,37480,37530
2018-08-31 15:15:56.896072, 108,113,16,20,261837,384,28430,28533,40052,40102
2018-08-31 15:15:56.932142, 112,114,16,19,273790,384,39439,39545,41197,41247
2018-08-31 15:15:57.001358, 109,115,32,20,266578,385,3345,3464,43473,43524
2018-08-31 15:15:57.077036, 103,116,16,19,265423,384,8724,8862,45943,45993
2018-08-31 15:15:59.799301, 102,117,1,21,612957,385,1285,1327,4052,4103
2018-08-31 15:15:59.899006, 108,118,17,21,19904,384,61198,61301,7279,7328
2018-08-31 15:15:59.934326, 112,119,17,20,16263,384,6671,6777,8424,8474
2018-08-31 15:16:00.003273, 109,120,33,21,20321,384,36113,36232,10700,10750
2018-08-31 15:16:00.070409, 107,121,17,19,25192,416,12292,12332,12898,12948
2018-08-31 15:16:00.195019, 103,122,17,20,17150,399,45332,45470,17009,17059
2018-08-31 15:16:02.809432, 102,123,2,22,728492,385,34309,34351,37071,37121
2018-08-31 15:16:02.899989, 108,124,18,22,137628,384,28431,28533,40041,40091
2018-08-31 15:16:02.937795, 112,125,18,21,141705,384,39439,39545,41186,41236
2018-08-31 15:16:03.003701, 109,126,34,22,140173,384,3345,3464,43462,43512
2018-08-31 15:16:03.081168, 103,127,18,21,132266,369,8724,8862,45931,45981
2018-08-31 15:16:03.196949, 107,128,18,20,149049,400,49156,49196,49756,49806
2018-08-31 15:16:05.819079, 102,129,3,23,734887,385,1797,1839,4553,4603
2018-08-31 15:16:05.901462, 108,130,19,23,148987,384,61199,61301,7267,7317
2018-08-31 15:16:05.939665, 112,131,19,22,153289,384,6671,6777,8412,8463
2018-08-31 15:16:06.006327, 109,132,35,23,150873,384,36113,36232,10688,10738
2018-08-31 15:16:06.074121, 107,133,19,21,146370,368,12294,12334,12888,12939
2018-08-31 15:16:06.198951, 103,134,19,22,155485,399,45361,45499,17026,17076
2018-08-31 15:16:08.826147, 102,135,4,24,741065,385,34821,34863,37572,37622
2018-08-31 15:16:08.902403, 108,136,20,24,261383,384,28430,28533,40029,40079
2018-08-31 15:16:08.940452, 112,137,20,23,273290,384,39439,39545,41175,41226
2018-08-31 15:16:09.006892, 109,138,36,24,266219,384,3345,3464,43451,43501
2018-08-31 15:16:09.084102, 103,139,20,23,253975,369,8724,8862,45919,45970
2018-08-31 15:16:09.200102, 107,140,20,22,279500,400,49156,49196,49744,49795
2018-08-31 15:16:11.836446, 102,141,5,25,612407,385,2309,2351,5055,5104
2018-08-31 15:16:11.905701, 108,142,21,25,19571,384,61199,61301,7256,7305
2018-08-31 15:16:11.942479, 112,143,21,24,15855,384,6671,6777,8401,8452
2018-08-31 15:16:11.999940, 109,144,37,25,19645,383,35875,35994,10439,10489
2018-08-31 15:16:12.075231, 107,145,21,23,21565,368,12292,12332,12875,12925
2018-08-31 15:16:12.202214, 103,146,21,24,18423,399,45342,45479,16995,17045
2018-08-31 15:16:14.847020, 102,147,6,26,728335,385,35333,35375,38073,38123
2018-08-31 15:16:14.905691, 108,148,22,26,137028,384,28431,28533,40018,40068
2018-08-31 15:16:14.943371, 112,149,22,25,141791,384,39439,39545,41164,41214
2018-08-31 15:16:15.003462, 109,150,38,26,139516,384,3094,3231,43206,43256
2018-08-31 15:16:15.086307, 103,151,22,25,132350,369,8724,8862,45908,45958
2018-08-31 15:16:15.203028, 107,152,22,24,149161,400,49156,49196,49733,49783
2018-08-31 15:16:17.855892, 102,153,7,27,734986,385,2821,2863,5556,5606
2018-08-31 15:16:17.906890, 108,154,23,27,148538,384,61199,61301,7244,7294
2018-08-31 15:16:17.944993, 112,155,23,26,152909,384,6671,6777,8390,8440
2018-08-31 15:16:18.010573, 109,156,39,27,151243,385,36113,36232,10666,10716
2018-08-31 15:16:18.079473, 107,157,23,25,146068,368,12292,12332,12863,12914
2018-08-31 15:16:18.213014, 103,158,23,26,156794,400,45588,45726,17230,17280
2018-08-31 15:16:20.866702, 102,159,8,28,741052,385,35845,35887,38574,38624
2018-08-31 15:16:20.909246, 108,160,24,28,263395,384,28431,28533,40006,40056
2018-08-31 15:16:20.946492, 112,161,24,27,274710,384,39439,39545,41152,41202
2018-08-31 15:16:21.013183, 109,162,40,28,286219,384,3345,3464,43428,43478
2018-08-31 15:16:21.079678, 107,163,24,26,267821,384,45060,45100,45626,45676
2018-08-31 15:16:21.215176, 103,164,24,27,266720,384,12820,12958,49992,50042
2018-08-31 15:16:23.875897, 102,165,9,29,612336,385,3333,3375,6057,6107
2018-08-31 15:16:23.909884, 108,166,25,29,20038,384,61199,61301,7232,7282
2018-08-31 15:16:23.948287, 112,167,25,28,16007,384,6671,6777,8379,8429
2018-08-31 15:16:24.138556, 109,168,41,29,21232,400,40209,40328,14750,14800
2018-08-31 15:16:24.207860, 103,169,25,28,15783,383,45337,45497,16989,17039
2018-08-31 15:16:24.331765, 107,170,25,27,46847,416,20484,20524,21044,21094
2018-08-31 15:16:26.884284, 102,171,10,30,728664,385,36357,36399,39076,39125
2018-08-31 15:16:26.911236, 108,172,26,30,141791,384,28431,28533,39995,40044
2018-08-31 15:16:26.949956, 112,173,26,29,143348,384,39439,39545,41141,41191
2018-08-31 15:16:27.016778, 109,174,42,30,134320,368,3345,3464,43417,43467
2018-08-31 15:16:27.083047, 107,175,26,28,134108,352,45060,45100,45614,45664
2018-08-31 15:16:27.209384, 103,176,26,29,138181,384,12564,12702,49724,49774
2018-08-31 15:16:29.893894, 102,177,11,31,735213,385,3845,3887,6558,6608
2018-08-31 15:16:29.949325, 112,178,27,30,152854,384,6671,6777,8367,8417
2018-08-31 15:16:30.039711, 108,179,27,31,155134,400,65295,65397,11317,11366
2018-08-31 15:16:30.084598, 107,180,27,29,152951,384,12292,12332,12840,12891
2018-08-31 15:16:30.134915, 109,181,43,31,155786,399,39961,40079,14490,14540
2018-08-31 15:16:30.217860, 103,182,27,30,149680,385,45588,45726,17206,17256
2018-08-31 15:16:32.902890, 102,183,12,32,741117,385,36869,36911,39577,39627
2018-08-31 15:16:32.950668, 112,184,28,31,273187,384,39439,39545,41130,41180
2018-08-31 15:16:33.040944, 108,185,28,32,261237,384,32527,32629,44079,44128
2018-08-31 15:16:33.086754, 107,186,28,30,267930,384,45060,45100,45603,45653
2018-08-31 15:16:33.137304, 109,187,44,32,265825,384,7185,7304,47245,47295
2018-08-31 15:16:33.211437, 103,188,28,31,264472,383,12564,12702,49712,49762
2018-08-31 15:16:35.911337, 102,189,13,33,612266,385,4357,4399,7060,7109
2018-08-31 15:16:35.954002, 112,190,29,32,15895,384,6671,6777,8356,8406
2018-08-31 15:16:36.042532, 108,191,29,33,19735,384,65295,65397,11305,11355
2018-08-31 15:16:36.096704, 103,192,29,32,16132,369,41492,41630,13099,13149
2018-08-31 15:16:36.147378, 109,193,45,33,20609,385,40209,40328,14728,14778
2018-08-31 15:16:36.213435, 107,194,29,31,25144,400,16388,16428,16925,16975
2018-08-31 15:16:38.921025, 102,195,14,34,728697,385,37381,37423,40078,40128
2018-08-31 15:16:38.955642, 112,196,30,33,162428,384,39439,39545,41119,41169
2018-08-31 15:16:39.041168, 108,197,30,34,139256,384,32527,32629,44067,44117
2018-08-31 15:16:39.090612, 107,198,30,32,137481,368,45060,45100,45591,45641
2018-08-31 15:16:39.148189, 109,199,46,34,141854,384,7441,7560,47490,47540
2018-08-31 15:16:39.214684, 103,200,30,33,144624,399,12573,12711,49709,49759
2018-08-31 15:16:41.931567, 102,201,15,35,735129,385,4869,4911,7561,7611
2018-08-31 15:16:41.965530, 107,202,31,33,146532,368,8196,8236,8722,8772
2018-08-31 15:16:42.044982, 108,203,31,35,148980,384,65295,65397,11293,11343
2018-08-31 15:16:42.080249, 112,204,31,34,159410,400,10767,10873,12441,12491
2018-08-31 15:16:42.149308, 109,205,47,35,150766,384,40209,40328,14717,14766
2018-08-31 15:16:42.216621, 103,206,31,34,148576,384,45332,45470,16927,16977
2018-08-31 15:16:44.940190, 102,207,0,36,741117,385,37893,37935,40580,40629
2018-08-31 15:16:44.967046, 107,208,16,34,266925,384,40964,41004,41484,41534
2018-08-31 15:16:45.045414, 108,209,16,36,261066,384,32526,32629,44055,44105
2018-08-31 15:16:45.082273, 112,210,16,35,273208,384,43535,43641,45203,45253
2018-08-31 15:16:45.218376, 103,211,16,35,265078,384,12564,12702,49689,49739
2018-08-31 15:16:45.275743, 109,212,32,36,277158,400,11537,11656,51575,51624
2018-08-31 15:16:47.947210, 102,213,1,37,613588,385,5381,5423,8062,8112
2018-08-31 15:16:48.048721, 108,214,17,37,37441,384,65294,65397,11282,11331
2018-08-31 15:16:48.082679, 112,215,17,36,17688,384,10767,10873,12429,12479
2018-08-31 15:16:48.153291, 109,216,33,37,21650,368,40209,40328,14705,14755
2018-08-31 15:16:48.219360, 107,217,17,35,26671,416,16389,16429,16902,16952
2018-08-31 15:16:48.353598, 103,218,17,36,18857,401,49684,49822,21267,21317
2018-08-31 15:16:50.961395, 102,219,2,38,728306,385,38405,38447,41081,41131
2018-08-31 15:16:51.050157, 108,220,18,38,137709,384,32527,32629,44044,44094
2018-08-31 15:16:51.084981, 112,221,18,37,141799,384,43535,43641,45192,45242
2018-08-31 15:16:51.151901, 109,222,34,38,140461,384,7441,7560,47468,47517
2018-08-31 15:16:51.221822, 107,223,18,36,142715,384,49156,49196,49664,49714
2018-08-31 15:16:51.346521, 103,224,18,37,138145,383,16665,16825,53800,53850
2018-08-31 15:16:53.968206, 102,225,3,39,735184,385,5893,5935,8564,8613
2018-08-31 15:16:54.049585, 108,226,19,39,156285,384,65295,65397,11270,11320
2018-08-31 15:16:54.087311, 112,227,19,38,153138,384,10767,10873,12418,12468
2018-08-31 15:16:54.148134, 109,228,35,39,154874,383,39980,40099,14465,14515
2018-08-31 15:16:54.222975, 107,229,19,37,153219,384,16388,16428,16890,16941
2018-08-31 15:16:54.356552, 103,230,19,38,150213,385,49684,49822,21255,21305
2018-08-31 15:16:56.977671, 102,231,4,40,741145,385,38917,38959,41582,41632
2018-08-31 15:16:57.053251, 108,232,20,40,261998,384,32527,32629,44032,44082
2018-08-31 15:16:57.156576, 109,233,36,40,266722,385,7441,7560,47456,47506
2018-08-31 15:16:57.587568, 112,234,20,39,318140,448,59919,60025,61564,61614
2018-08-31 15:16:57.724360, 107,235,20,38,312332,448,6,46,502,552
2018-08-31 15:16:57.856722, 103,236,20,39,309314,448,33300,33438,4864,4914
2018-08-31 15:16:59.987461, 102,237,5,41,613438,385,6405,6447,9065,9115
2018-08-31 15:17:00.053344, 108,238,21,41,20352,384,65295,65397,11259,11308
2018-08-31 15:17:00.088541, 112,239,21,40,13438,320,10767,10873,12407,12457
2018-08-31 15:17:00.158098, 109,240,37,41,20384,384,40209,40328,14683,14733
2018-08-31 15:17:00.224440, 107,241,21,39,20182,320,16389,16429,16879,16929
2018-08-31 15:17:00.351093, 103,242,21,40,14385,319,49437,49575,20996,21046
2018-08-31 15:17:02.994444, 102,243,6,42,728495,385,39429,39471,42084,42133
2018-08-31 15:17:03.056461, 108,244,22,42,137564,384,32527,32629,44021,44071
2018-08-31 15:17:03.090535, 112,245,22,41,141534,384,43535,43641,45169,45219
2018-08-31 15:17:03.160466, 109,246,38,42,140100,384,7441,7560,47445,47495
2018-08-31 15:17:03.235065, 103,247,22,41,132365,369,12820,12958,49910,49960
2018-08-31 15:17:03.352716, 107,248,22,40,149540,400,53252,53292,53737,53787
2018-08-31 15:17:06.004646, 102,249,7,43,734929,385,6917,6959,9566,9616
2018-08-31 15:17:06.055974, 108,250,23,43,148923,384,65295,65397,11247,11297
2018-08-31 15:17:06.091929, 112,251,23,42,153017,384,10767,10873,12396,12446
2018-08-31 15:17:06.161566, 109,252,39,43,150822,384,40209,40328,14671,14721
2018-08-31 15:17:06.228468, 107,253,23,41,145831,368,16388,16428,16867,16918
2018-08-31 15:17:06.354469, 103,254,23,42,155302,399,49448,49585,20995,21045
2018-08-31 15:17:09.015297, 102,255,8,44,741108,385,39941,39983,42585,42635
2018-08-31 15:17:09.059232, 108,256,24,44,261627,384,32527,32629,44009,44059
2018-08-31 15:17:09.092757, 112,257,24,43,272909,384,43535,43641,45158,45208
2018-08-31 15:17:09.164027, 109,258,40,44,266114,384,7441,7560,47434,47484
2018-08-31 15:17:09.230066, 107,259,24,42,267956,384,49156,49196,49630,49681
2018-08-31 15:17:09.362926, 103,260,24,43,266300,385,16916,17054,53993,54044
2018-08-31 15:17:12.023627, 102,261,9,45,613648,385,7429,7471,10067,10117
2018-08-31 15:17:12.058434, 108,262,25,45,19564,384,65295,65397,11235,11285
2018-08-31 15:17:12.094459, 112,263,25,44,15740,384,10767,10873,12384,12434
2018-08-31 15:17:12.156804, 109,264,41,45,19634,383,39971,40089,14421,14471
2018-08-31 15:17:12.232452, 107,265,25,43,23686,384,16388,16428,16856,16907
2018-08-31 15:17:12.358619, 103,266,25,44,16940,383,49455,49593,20990,21040
2018-08-31 15:17:15.033422, 102,267,10,46,728267,385,40453,40495,43086,43136
2018-08-31 15:17:15.096446, 112,268,26,45,141486,384,43535,43641,45147,45197
2018-08-31 15:17:15.186452, 108,269,26,46,142423,400,36623,36725,48093,48144
2018-08-31 15:17:15.231932, 107,270,26,44,142378,384,49156,49196,49618,49669
2018-08-31 15:17:15.283758, 109,271,42,46,145318,400,11286,11423,51285,51335
2018-08-31 15:17:15.358101, 103,272,26,45,138316,384,16660,16798,53726,53777
2018-08-31 15:17:18.043714, 102,273,11,47,734981,385,7941,7983,10569,10618
2018-08-31 15:17:18.097822, 112,274,27,46,152906,384,10767,10873,12373,12423
2018-08-31 15:17:18.187882, 108,275,27,47,148968,384,3855,3957,15320,15370
2018-08-31 15:17:18.242426, 103,276,27,46,142438,369,45588,45726,17112,17163
2018-08-31 15:17:18.292408, 109,277,43,47,151229,385,44305,44424,18745,18795
2018-08-31 15:17:18.358663, 107,278,27,45,159847,400,20484,20524,20940,20990
2018-08-31 15:17:21.052893, 102,279,12,48,741068,385,40965,41007,43587,43637
2018-08-31 15:17:21.099111, 112,280,28,47,272925,384,43535,43641,45136,45186
2018-08-31 15:17:21.187191, 108,281,28,48,261665,384,36623,36725,48082,48132
2018-08-31 15:17:21.236936, 107,282,28,46,255134,368,49156,49196,49607,49657
2018-08-31 15:17:21.294078, 109,283,44,48,266049,384,11537,11656,51507,51557
2018-08-31 15:17:21.368336, 103,284,28,47,277925,400,16916,17054,53970,54021
2018-08-31 15:17:24.060577, 102,285,13,49,613355,385,8453,8495,11070,11120
2018-08-31 15:17:24.100531, 112,286,29,48,15697,384,10767,10873,12362,12412
2018-08-31 15:17:24.190895, 108,287,29,49,19979,384,3853,3955,15306,15356
2018-08-31 15:17:24.244880, 103,288,29,48,15778,368,45588,45726,17100,17150
2018-08-31 15:17:24.294801, 109,289,45,49,20509,384,44305,44424,18733,18783
2018-08-31 15:17:24.486686, 107,290,29,47,25923,416,24580,24620,25025,25075
2018-08-31 15:17:27.071769, 102,291,14,50,727868,385,41477,41519,44089,44138
2018-08-31 15:17:27.101584, 112,292,30,49,141445,384,43535,43641,45124,45174
2018-08-31 15:17:27.193309, 108,293,30,50,137874,384,36623,36725,48070,48120
2018-08-31 15:17:27.237702, 107,294,30,48,129970,352,49157,49197,49596,49646
2018-08-31 15:17:27.296792, 109,295,46,50,140074,384,11537,11656,51496,51546
2018-08-31 15:17:27.373078, 103,296,30,49,146097,400,16916,17054,53958,54008
2018-08-31 15:17:30.080127, 102,297,15,51,735089,385,8965,9007,11571,11621
2018-08-31 15:17:30.114982, 107,298,31,49,147407,368,12292,12332,12726,12776
2018-08-31 15:17:30.193267, 108,299,31,51,148896,384,3855,3957,15296,15346
2018-08-31 15:17:30.228943, 112,300,31,50,159104,400,14863,14969,16447,16496
2018-08-31 15:17:30.298103, 109,301,47,51,150859,384,44305,44424,18722,18772
2018-08-31 15:17:30.373404, 103,302,31,50,149675,384,49684,49822,21185,21235
2018-08-31 15:17:33.089392, 102,303,0,52,741037,385,41989,42031,44590,44640
2018-08-31 15:17:33.115321, 107,304,16,50,267250,384,45060,45100,45488,45538
2018-08-31 15:17:33.195641, 108,305,16,52,261544,384,36622,36725,48058,48108
2018-08-31 15:17:33.230257, 112,306,16,51,272898,384,47631,47737,49209,49259
2018-08-31 15:17:33.292147, 109,307,32,52,265197,383,11281,11400,51228,51278
2018-08-31 15:17:33.368202, 103,308,16,51,264242,383,16660,16798,53691,53741
2018-08-31 15:17:36.098995, 102,309,1,53,612952,385,9477,9519,12073,12122
2018-08-31 15:17:36.197592, 108,310,17,53,19468,384,3854,3957,15285,15335
2018-08-31 15:17:36.231966, 112,311,17,52,15813,384,14863,14969,16435,16485
2018-08-31 15:17:36.294304, 109,312,33,53,20121,384,44054,44191,18477,18527
2018-08-31 15:17:36.377564, 103,313,17,52,16909,385,49684,49822,21173,21223
2018-08-31 15:17:36.492716, 107,314,17,51,26665,432,24580,24620,25002,25052
2018-08-31 15:17:39.107231, 102,315,2,54,727707,385,42501,42543,45091,45141
2018-08-31 15:17:39.198366, 108,316,18,54,137751,384,36623,36725,48047,48097
2018-08-31 15:17:39.233434, 112,317,18,53,141389,384,47631,47737,49198,49248
2018-08-31 15:17:39.303881, 109,318,34,54,140335,385,11537,11656,51473,51523
2018-08-31 15:17:39.370155, 107,319,18,52,135685,368,53252,53292,53668,53718
2018-08-31 15:17:39.504079, 103,320,18,53,145633,400,21012,21150,58031,58081
2018-08-31 15:17:42.117391, 102,321,3,55,734932,385,9989,10031,12574,12624
2018-08-31 15:17:42.199865, 108,322,19,55,148977,384,3855,3957,15273,15323
2018-08-31 15:17:42.233858, 112,323,19,54,152851,384,14863,14969,16424,16474
2018-08-31 15:17:42.303628, 109,324,35,55,150783,384,44305,44424,18700,18749
2018-08-31 15:17:42.379955, 103,325,19,54,142154,368,49684,49822,21161,21211
2018-08-31 15:17:42.495732, 107,326,19,53,160340,400,24580,24620,24990,25040
2018-08-31 15:17:45.127948, 102,327,4,56,740998,385,43013,43055,45593,45642
2018-08-31 15:17:45.201254, 108,328,20,56,261749,384,36623,36725,48035,48085
2018-08-31 15:17:45.236331, 112,329,20,55,273143,384,47631,47737,49186,49236
2018-08-31 15:17:45.305667, 109,330,36,56,266054,384,11537,11656,51462,51512
2018-08-31 15:17:45.373148, 107,331,20,54,255692,368,53252,53292,53657,53707
2018-08-31 15:17:45.496646, 103,332,20,55,276943,399,20756,20894,57763,57813
2018-08-31 15:17:48.136137, 102,333,5,57,610707,385,10501,10543,13075,13125
2018-08-31 15:17:48.203724, 108,334,21,57,183129,384,3855,3957,15262,15312
2018-08-31 15:17:48.238048, 112,335,21,56,26510,384,14863,14969,16413,16463
2018-08-31 15:17:48.306610, 109,336,37,57,30408,384,44305,44424,18688,18738
2018-08-31 15:17:48.375402, 107,337,21,55,31674,384,20484,20524,20883,20933
2018-08-31 15:17:48.508618, 103,338,21,56,18342,385,53780,53918,25245,25295
2018-08-31 15:17:51.143161, 102,339,6,58,728362,385,43525,43567,46094,46144
2018-08-31 15:17:51.203529, 108,340,22,58,137845,384,36623,36725,48025,48074
2018-08-31 15:17:51.239707, 112,341,22,57,141278,384,47631,47737,49175,49225
2018-08-31 15:17:51.300928, 109,342,38,58,141084,383,11288,11406,51201,51251
2018-08-31 15:17:51.375974, 107,343,22,56,142469,384,53252,53292,53645,53695
2018-08-31 15:17:51.509521, 103,344,22,57,138944,384,21012,21150,58007,58057
2018-08-31 15:17:54.153765, 102,345,7,59,735091,385,11013,11055,13577,13626
2018-08-31 15:17:54.204884, 108,346,23,59,148624,384,3855,3957,15250,15300
2018-08-31 15:17:54.240615, 112,347,23,58,152678,384,14863,14969,16402,16452
2018-08-31 15:17:54.309940, 109,348,39,59,151183,385,44305,44424,18677,18727
2018-08-31 15:17:54.377179, 107,349,23,57,153293,384,20484,20524,20871,20921
2018-08-31 15:17:54.509727, 103,350,23,58,149612,384,53780,53918,25233,25283
2018-08-31 15:17:57.164253, 102,351,8,60,740935,385,44037,44079,46595,46645
2018-08-31 15:17:57.207387, 108,352,24,60,261487,384,36623,36725,48012,48062
2018-08-31 15:17:57.243419, 112,353,24,59,272632,384,47631,47737,49164,49214
2018-08-31 15:17:57.312121, 109,354,40,60,265941,384,11537,11656,51439,51489
2018-08-31 15:17:57.387609, 103,355,24,59,253213,368,16916,17054,53900,53950
2018-08-31 15:17:57.503559, 107,356,24,58,280104,400,57348,57388,57729,57779
2018-08-31 15:18:00.172636, 102,357,9,61,613841,385,11525,11567,14078,14128
2018-08-31 15:18:00.208533, 108,358,25,61,19962,384,3855,3957,15239,15288
2018-08-31 15:18:00.243531, 112,359,25,60,15722,384,14863,14969,16390,16440
2018-08-31 15:18:00.312020, 109,360,41,61,20400,384,44305,44424,18666,18716
2018-08-31 15:18:00.381510, 107,361,25,59,21914,368,20485,20531,20867,20917
2018-08-31 15:18:00.505241, 103,362,25,60,17508,399,53533,53671,24974,25024
2018-08-31 15:18:03.183526, 102,363,10,62,728359,385,44549,44591,47097,47146
2018-08-31 15:18:03.244835, 112,364,26,61,141257,384,47631,47737,49153,49203
2018-08-31 15:18:03.335783, 108,365,26,62,143295,400,40719,40821,52096,52146
2018-08-31 15:18:03.389670, 103,366,26,61,132358,369,16916,17054,53888,53938
2018-08-31 15:18:03.566001, 109,367,42,62,151655,416,19729,19848,59620,59670
2018-08-31 15:18:03.633054, 107,368,26,60,173016,416,61444,61484,61814,61864
2018-08-31 15:18:06.191970, 102,369,11,63,735092,385,12037,12079,14579,14629
2018-08-31 15:18:06.247639, 112,370,27,62,154741,384,14863,14969,16379,16429
2018-08-31 15:18:06.336552, 108,371,27,63,150641,384,7951,8053,19323,19373
2018-08-31 15:18:06.383479, 107,372,27,61,139828,352,20484,20524,20848,20899
2018-08-31 15:18:06.432449, 109,373,43,63,143325,367,48145,48264,22494,22545
2018-08-31 15:18:06.508694, 103,374,27,62,155491,399,53556,53694,24985,25036
2018-08-31 15:18:09.200689, 102,375,12,64,740968,385,45061,45103,47598,47648
2018-08-31 15:18:09.248238, 112,376,28,63,284470,384,47631,47737,49141,49191
2018-08-31 15:18:09.338434, 108,377,28,64,263373,384,40719,40821,52085,52135
2018-08-31 15:18:09.392674, 103,378,28,63,258998,369,16916,17054,53876,53926
2018-08-31 15:18:09.444017, 109,379,44,64,266735,385,15633,15752,55513,55563
2018-08-31 15:18:09.509071, 107,380,28,62,282828,400,57348,57388,57706,57757
2018-08-31 15:18:12.209536, 102,381,13,65,612277,385,12549,12591,15081,15130
2018-08-31 15:18:12.250632, 112,382,29,64,15669,384,14863,14969,16368,16418
2018-08-31 15:18:12.339756, 108,383,29,65,20495,384,7951,8053,19311,19361
2018-08-31 15:18:12.386559, 107,384,29,63,21804,368,20484,20524,20837,20887
2018-08-31 15:18:12.437575, 109,385,45,65,19683,383,48166,48285,22504,22554
2018-08-31 15:18:12.519758, 103,386,29,64,19622,400,53780,53918,25198,25248
2018-08-31 15:18:15.220738, 102,387,14,66,728267,385,45573,45615,48099,48149
2018-08-31 15:18:15.252617, 112,388,30,65,141470,384,47631,47737,49130,49180
2018-08-31 15:18:15.340909, 108,389,30,66,137190,384,40719,40821,52073,52123
2018-08-31 15:18:15.388861, 107,390,30,64,142486,384,53252,53292,53599,53649
2018-08-31 15:18:15.438529, 109,391,46,66,139549,384,15382,15519,55268,55318
2018-08-31 15:18:15.513967, 103,392,30,65,137959,383,20756,20894,57704,57754
2018-08-31 15:18:18.230082, 102,393,15,67,735097,385,13061,13103,15582,15632
2018-08-31 15:18:18.264896, 107,394,31,65,146545,368,16388,16428,16730,16780
2018-08-31 15:18:18.343836, 108,395,31,67,149086,384,7951,8053,19299,19349
2018-08-31 15:18:18.376882, 112,396,31,66,159007,400,18959,19065,20452,20502
2018-08-31 15:18:18.448393, 109,397,47,67,151239,385,48401,48520,22728,22778
2018-08-31 15:18:18.522551, 103,398,31,66,149782,385,53780,53918,25186,25236
2018-08-31 15:18:21.239064, 102,399,0,68,740907,385,46085,46127,48600,48651
2018-08-31 15:18:21.264641, 107,400,16,66,267861,384,49156,49196,49492,49542
2018-08-31 15:18:21.343732, 108,401,16,68,261826,384,40718,40820,52061,52111
2018-08-31 15:18:21.379479, 112,402,16,67,272647,384,51727,51833,53215,53265
2018-08-31 15:18:21.450049, 109,403,32,68,265994,384,15633,15752,55490,55540
2018-08-31 15:18:21.524106, 103,404,16,67,265570,384,21012,21150,57948,57998
2018-08-31 15:18:24.248921, 102,405,1,69,611667,385,13573,13615,16083,16134
2018-08-31 15:18:24.345770, 108,406,17,69,19909,384,7950,8053,19288,19338
2018-08-31 15:18:24.381956, 112,407,17,68,15702,384,18959,19065,20441,20492
2018-08-31 15:18:24.451099, 109,408,33,69,20496,384,48401,48520,22716,22766
2018-08-31 15:18:24.525451, 103,409,17,68,16600,384,53780,53918,25174,25225
2018-08-31 15:18:24.643754, 107,410,17,67,27515,432,28676,28716,29006,29056
2018-08-31 15:18:27.258122, 102,411,2,70,728400,385,46597,46639,49102,49151
2018-08-31 15:18:27.347436, 108,412,18,70,137713,384,40719,40821,52050,52100
2018-08-31 15:18:27.382873, 112,413,18,69,140929,384,51727,51833,53203,53254
2018-08-31 15:18:27.452279, 109,414,34,70,140113,384,15633,15752,55479,55529
2018-08-31 15:18:27.526914, 107,415,18,68,136777,369,57604,57644,57928,57978
2018-08-31 15:18:27.652484, 103,416,18,69,146168,400,25108,25246,62032,62082
2018-08-31 15:18:30.264935, 102,417,3,71,735101,385,14085,14127,16584,16634
2018-08-31 15:18:30.348956, 108,418,19,71,149047,384,7951,8053,19276,19326
2018-08-31 15:18:30.385117, 112,419,19,70,152421,384,18959,19065,20430,20481
2018-08-31 15:18:30.529165, 103,420,19,70,142245,368,53780,53918,25163,25213
2018-08-31 15:18:30.645403, 107,421,19,69,160438,399,28676,28716,28994,29044
2018-08-31 15:18:33.276421, 102,422,4,72,740831,385,47109,47151,49603,49653
2018-08-31 15:18:33.350530, 108,423,20,72,286761,384,40719,40821,52038,52088
2018-08-31 15:18:33.386130, 112,424,20,71,272630,384,51727,51833,53192,53242
2018-08-31 15:18:33.522100, 107,425,20,70,255402,368,57348,57388,57661,57711
2018-08-31 15:18:33.647346, 103,426,20,71,276452,399,24852,24990,61765,61815
2018-08-31 15:18:36.285050, 102,427,5,73,612978,385,14597,14639,17086,17135
2018-08-31 15:18:36.352921, 108,428,21,73,45489,384,7951,8053,19265,19315
2018-08-31 15:18:36.457358, 109,429,37,71,449463,1152,48401,48520,22694,22744
2018-08-31 15:18:36.510815, 112,430,21,72,17523,400,23055,23161,24514,24564
2018-08-31 15:18:36.656413, 103,431,21,72,17171,385,57876,58014,29247,29297
2018-08-31 15:18:36.772811, 107,432,21,71,27069,416,32773,32813,33080,33130
2018-08-31 15:18:39.295578, 102,433,6,74,728174,385,47621,47663,50104,50154
2018-08-31 15:18:39.351387, 108,434,22,74,149181,384,40719,40821,52027,52077
2018-08-31 15:18:39.389252, 112,435,22,73,135129,368,51727,51833,53181,53231
2018-08-31 15:18:39.457123, 109,436,38,72,140213,384,15633,15752,55456,55506
2018-08-31 15:18:39.526335, 107,437,22,72,129879,352,57348,57388,57649,57699
2018-08-31 15:18:39.657091, 103,438,22,73,140365,384,25108,25246,62009,62059
2018-08-31 15:18:42.304788, 102,439,7,75,735161,385,15109,15151,17587,17637
2018-08-31 15:18:42.354432, 108,440,23,75,149053,384,7951,8053,19253,19303
2018-08-31 15:18:42.389603, 112,441,23,74,152483,384,18959,19065,20407,20457
2018-08-31 15:18:42.459255, 109,442,39,73,150870,384,48401,48520,22683,22733
2018-08-31 15:18:42.526612, 107,443,23,73,153207,384,24580,24620,24876,24926
2018-08-31 15:18:42.659708, 103,444,23,74,149612,384,57876,58014,29235,29285
2018-08-31 15:18:45.313374, 102,445,8,76,740785,385,48133,48175,50606,50655
2018-08-31 15:18:45.356735, 108,446,24,76,261947,384,40719,40821,52015,52065
2018-08-31 15:18:45.391760, 112,447,24,75,272337,384,51727,51833,53170,53220
2018-08-31 15:18:45.462120, 109,448,40,74,266047,384,15633,15752,55445,55495
2018-08-31 15:18:45.527891, 107,449,24,74,267651,384,57348,57388,57638,57688
2018-08-31 15:18:45.661093, 103,450,24,75,265244,384,25108,25246,61997,62047
2018-08-31 15:18:48.322438, 102,451,9,77,612806,385,15621,15663,18088,18138
2018-08-31 15:18:48.357630, 108,452,25,77,20429,384,7951,8053,19242,19291
2018-08-31 15:18:48.391642, 112,453,25,76,15555,384,18959,19065,20396,20446
2018-08-31 15:18:48.461760, 109,454,41,75,20482,384,48401,48520,22671,22721
2018-08-31 15:18:48.529100, 107,455,25,75,23596,384,24580,24620,24864,24914
2018-08-31 15:18:48.661630, 103,456,25,76,17903,384,57876,58014,29223,29273
2018-08-31 15:18:51.331323, 102,457,10,78,727969,385,48645,48687,51107,51157
2018-08-31 15:18:51.396518, 112,458,26,77,141237,384,51727,51833,53159,53208
2018-08-31 15:18:51.484967, 108,459,26,78,143049,400,44815,44917,56100,56149
2018-08-31 15:18:51.530214, 107,460,26,76,142836,384,57348,57388,57626,57676
2018-08-31 15:18:51.580807, 109,461,42,76,144878,399,19495,19613,59295,59345
2018-08-31 15:18:51.664955, 103,462,26,77,139053,384,25108,25246,61985,62035
2018-08-31 15:18:54.341356, 102,463,11,79,735145,385,16133,16175,18590,18639
2018-08-31 15:18:54.396294, 112,464,27,78,152577,384,18959,19065,20385,20435
2018-08-31 15:18:54.485648, 108,465,27,79,148243,384,12047,12149,23326,23376
2018-08-31 15:18:54.540657, 107,466,27,77,154504,385,24836,24876,25109,25159
2018-08-31 15:18:54.590372, 109,467,43,77,152002,385,52497,52616,26756,26806
2018-08-31 15:18:54.665337, 103,468,27,78,149615,384,57876,58014,29212,29262
2018-08-31 15:18:57.350647, 102,469,12,80,740689,385,49157,49199,51608,51658
2018-08-31 15:18:57.398980, 112,470,28,79,272697,384,51727,51833,53147,53197
2018-08-31 15:18:57.487520, 108,471,28,80,261510,384,44815,44917,56088,56138
2018-08-31 15:18:57.543538, 103,472,28,79,253280,368,21012,21150,57878,57928
2018-08-31 15:18:57.591465, 109,473,44,78,265765,384,19729,19848,59518,59568
2018-08-31 15:18:57.659552, 107,474,28,78,279295,399,61444,61484,61711,61761
2018-08-31 15:19:00.359949, 102,475,13,81,613705,385,16645,16687,19091,19141
2018-08-31 15:19:00.398326, 112,476,29,80,15702,384,18959,19065,20374,20424
2018-08-31 15:19:00.488521, 108,477,29,81,20157,384,12047,12149,23314,23364
2018-08-31 15:19:00.535527, 107,478,29,79,21569,368,24580,24620,24841,24891
2018-08-31 15:19:00.593672, 109,479,45,79,20348,384,52497,52616,26744,26795
2018-08-31 15:19:03.369660, 102,480,14,82,725575,385,49669,49711,52110,52159
2018-08-31 15:19:03.400971, 112,481,30,81,141299,384,51727,51833,53136,53186
2018-08-31 15:19:03.490917, 108,482,30,82,137735,384,44815,44917,56076,56126
2018-08-31 15:19:03.536924, 107,483,30,80,149730,384,57348,57388,57603,57653
2018-08-31 15:19:03.595594, 109,484,46,80,140144,384,19729,19848,59507,59557
2018-08-31 15:19:06.378486, 102,485,15,83,732573,385,17157,17199,19592,19642
2018-08-31 15:19:06.413686, 107,486,31,81,154193,368,20484,20524,20734,20784
2018-08-31 15:19:06.672933, 103,487,31,80,51671,1168,57876,58014,29188,29238
2018-08-31 15:19:06.742356, 108,488,31,83,163427,416,20239,20341,31494,31544
2018-08-31 15:19:06.779325, 112,489,31,82,173637,432,31247,31353,32650,32700
2018-08-31 15:19:06.847040, 109,490,47,81,165808,416,60689,60808,34925,34975
2018-08-31 15:19:09.387070, 102,491,0,84,740399,385,50181,50223,52611,52661
2018-08-31 15:19:09.414827, 107,492,16,82,268651,384,53252,53292,53496,53546
2018-08-31 15:19:09.494615, 108,493,16,84,240281,352,44814,44917,56065,56114
2018-08-31 15:19:09.528701, 112,494,16,83,270173,352,55823,55929,57221,57271
2018-08-31 15:19:09.590207, 109,495,32,82,244465,351,19473,19592,59239,59290
2018-08-31 15:19:09.674070, 103,496,16,81,265488,384,25108,25246,61950,62000
2018-08-31 15:19:12.397236, 102,497,1,85,612663,385,17669,17711,20093,20143
2018-08-31 15:19:12.493639, 108,498,17,85,19617,384,12046,12149,23291,23341
2018-08-31 15:19:12.529758, 112,499,17,84,15564,384,23055,23161,24447,24497
2018-08-31 15:19:12.598849, 109,500,33,83,20691,385,52497,52616,26722,26772
2018-08-31 15:19:12.666710, 107,501,17,83,25541,416,28676,28716,28914,28964
2018-08-31 15:19:12.798541, 103,502,17,82,18619,400,61972,62110,33272,33322
2018-08-31 15:19:15.405863, 102,503,2,86,728139,385,50693,50735,53112,53162
2018-08-31 15:19:15.495539, 108,504,18,86,137788,384,44815,44917,56053,56103
2018-08-31 15:19:15.529778, 112,505,18,85,141294,384,55823,55929,57209,57259
2018-08-31 15:19:15.602240, 109,506,34,84,139814,384,19729,19848,59484,59534
2018-08-31 15:19:15.668139, 107,507,18,84,142464,384,61444,61484,61676,61726
2018-08-31 15:19:15.801583, 103,508,18,83,139147,384,29204,29342,498,548
2018-08-31 15:19:18.415741, 102,509,3,87,734704,385,18181,18223,20595,20645
2018-08-31 15:19:18.498140, 108,510,19,87,148729,384,12047,12149,23279,23329
2018-08-31 15:19:18.533093, 112,511,19,86,152647,384,23055,23161,24436,24486
2018-08-31 15:19:18.603348, 109,512,35,85,150729,384,52497,52616,26711,26761
2018-08-31 15:19:18.668531, 107,513,19,85,153528,384,28676,28716,28903,28953
2018-08-31 15:19:18.802750, 103,514,19,84,149644,384,61972,62110,33260,33310
2018-08-31 15:19:21.425421, 102,515,4,88,740468,385,51205,51247,53613,53663
2018-08-31 15:19:21.500634, 108,516,20,88,261564,384,44815,44917,56042,56092
2018-08-31 15:19:21.535932, 112,517,20,87,272583,384,55823,55929,57198,57248
2018-08-31 15:19:21.605132, 109,518,36,86,265957,384,19729,19848,59473,59523
2018-08-31 15:19:21.678752, 107,519,20,86,268633,385,61700,61740,61921,61971
2018-08-31 15:19:21.804206, 103,520,20,85,265681,384,29204,29342,486,536
2018-08-31 15:19:24.434664, 102,521,5,89,613253,385,18693,18735,21096,21146
2018-08-31 15:19:24.500471, 108,522,21,89,20109,384,12047,12149,23268,23318
2018-08-31 15:19:24.535304, 112,523,21,88,15790,384,23055,23161,24425,24474
2018-08-31 15:19:24.598032, 109,524,37,87,19492,383,52241,52360,26443,26493
2018-08-31 15:19:24.680350, 103,525,21,86,16281,368,57876,58014,29153,29203
2018-08-31 15:19:24.797081, 107,526,21,87,25272,399,32773,32813,32988,33039
2018-08-31 15:19:27.444925, 102,527,6,90,727537,385,51717,51759,54115,54164
2018-08-31 15:19:27.501581, 108,528,22,90,139303,384,44815,44917,56030,56081
2018-08-31 15:19:27.537949, 112,529,22,89,141443,384,55823,55929,57187,57237
2018-08-31 15:19:27.607028, 109,530,38,88,140478,385,19729,19848,59462,59512
2018-08-31 15:19:28.675928, 103,531,22,87,197921,511,57625,57785,28916,28966
2018-08-31 15:19:30.452456, 102,532,7,91,732928,385,19205,19247,21597,21647
2018-08-31 15:19:30.504387, 108,533,23,91,149605,384,12047,12149,23256,23307
2018-08-31 15:19:30.540033, 112,534,23,90,152650,384,23055,23161,24413,24463
2018-08-31 15:19:30.601771, 109,535,39,89,149739,383,52264,52383,26455,26505
2018-08-31 15:19:30.684525, 103,536,23,88,99821,257,57876,58014,29141,29192
2018-08-31 15:19:33.462590, 102,537,8,92,740228,385,52229,52271,54616,54666
2018-08-31 15:19:33.505511, 108,538,24,92,260497,384,44815,44917,56019,56069
2018-08-31 15:19:33.551539, 107,539,24,88,413308,1120,57348,57388,57546,57596
2018-08-31 15:19:33.602462, 109,540,40,90,265740,384,19473,19592,59194,59244
2018-08-31 15:19:34.685465, 103,541,24,89,363271,512,57876,58014,29133,29183
2018-08-31 15:19:36.471270, 102,542,9,93,609941,385,19717,19759,22099,22148
2018-08-31 15:19:36.506943, 108,543,25,93,19880,384,12047,12149,23245,23295
2018-08-31 15:19:36.542289, 112,544,25,91,545021,768,23055,23161,24402,24452
2018-08-31 15:19:36.611310, 109,545,41,91,20945,385,52497,52616,26677,26727
2018-08-31 15:19:36.679541, 107,546,25,89,24078,400,28676,28716,28868,28918
2018-08-31 15:19:36.812690, 103,547,25,90,13374,272,61972,62110,33225,33275
2018-08-31 15:19:39.481016, 102,548,10,94,728047,385,52741,52783,55117,55167
2018-08-31 15:19:39.543698, 112,549,26,92,141629,384,55823,55929,57164,57214
2018-08-31 15:19:39.633498, 108,550,26,94,143360,400,48911,49013,60103,60153
2018-08-31 15:19:39.680896, 107,551,26,90,142175,384,61444,61484,61630,61680
2018-08-31 15:19:39.737570, 109,552,42,92,145864,400,23825,23944,63535,63585
2018-08-31 15:19:39.811659, 103,553,26,91,138421,384,29204,29342,451,501
2018-08-31 15:19:42.490250, 102,554,11,95,731638,385,20229,20271,22600,22650
2018-08-31 15:19:42.544601, 112,555,27,93,154061,384,23055,23161,24391,24441
2018-08-31 15:19:42.635965, 108,556,27,95,151357,384,16143,16245,27329,27379
2018-08-31 15:19:42.681990, 107,557,27,91,154027,384,28676,28716,28857,28907
2018-08-31 15:19:42.739090, 109,558,43,93,152863,384,56593,56712,30761,30811
2018-08-31 15:19:42.807395, 103,559,27,92,150462,383,61734,61872,32975,33026
2018-08-31 15:19:45.499664, 102,560,12,96,740103,385,53253,53295,55619,55668
2018-08-31 15:19:45.565396, 103,561,28,93,246141,353,21012,21150,57784,57834
2018-08-31 15:19:45.637436, 108,562,28,96,264930,384,48911,49013,60091,60141
2018-08-31 15:19:45.672195, 112,563,28,94,287761,400,59919,60025,61249,61299
2018-08-31 15:19:45.741892, 109,564,44,94,266059,384,23825,23944,63524,63574
2018-08-31 15:19:45.805459, 107,565,28,92,282547,400,6,46,181,231
2018-08-31 15:19:48.510074, 102,566,13,97,612240,385,20741,20783,23101,23151
2018-08-31 15:19:48.548064, 112,567,29,95,15176,368,23055,23161,24380,24429
2018-08-31 15:19:48.638637, 108,568,29,97,20461,384,16143,16245,27317,27367
2018-08-31 15:19:48.692624, 103,569,29,94,18898,400,57876,58014,29106,29156
2018-08-31 15:19:48.734880, 109,570,45,95,19612,383,56346,56464,30502,30552
2018-08-31 15:19:48.808762, 107,571,29,93,23845,384,32773,32813,32942,32992
2018-08-31 15:19:51.518192, 102,572,14,98,727343,385,53765,53807,56120,56170
2018-08-31 15:19:51.550281, 112,573,30,96,141157,384,55823,55929,57142,57192
2018-08-31 15:19:51.640414, 108,574,30,98,137106,384,48911,49013,60080,60129
2018-08-31 15:19:51.686384, 107,575,30,94,135317,368,61444,61484,61608,61658
2018-08-31 15:19:51.736926, 109,576,46,96,139423,384,23592,23711,63279,63329
2018-08-31 15:19:51.819524, 103,577,30,95,146091,400,29204,29342,428,478
2018-08-31 15:19:54.526199, 102,578,15,99,734535,385,21253,21295,23602,23652
2018-08-31 15:19:54.562274, 107,579,31,95,146885,368,24580,24620,24738,24788
2018-08-31 15:19:54.639790, 108,580,31,99,149021,384,16143,16245,27306,27356
2018-08-31 15:19:54.677248, 112,581,31,97,158857,400,27151,27257,28464,28514
2018-08-31 15:19:54.744827, 109,582,47,97,151163,385,56593,56712,30739,30789
2018-08-31 15:19:54.820550, 103,583,31,96,149616,384,61972,62110,33190,33240
2018-08-31 15:19:57.537283, 102,584,0,100,739735,385,54277,54319,56621,56671
2018-08-31 15:19:57.697995, 103,585,16,97,254602,368,25108,25246,61856,61906
2018-08-31 15:19:57.767446, 108,586,16,100,273422,400,53006,53109,64164,64213
2018-08-31 15:19:57.800920, 112,587,16,98,431492,400,64015,64121,65322,65372
2018-08-31 15:19:57.871652, 109,588,32,98,286194,400,27921,28040,2061,2111
2018-08-31 15:19:57.940159, 107,589,16,96,301558,432,4100,4140,4252,4302
2018-08-31 15:20:00.547547, 102,590,1,101,612854,385,21765,21807,24104,24153
2018-08-31 15:20:00.644998, 108,591,17,101,19106,368,16142,16245,27294,27344
2018-08-31 15:20:00.678544, 112,592,17,99,38755,368,27151,27257,28453,28503
2018-08-31 15:20:00.823140, 103,593,17,98,18669,400,61972,62110,33178,33228
2018-08-31 15:20:00.873496, 109,594,33,99,21667,384,60689,60808,34823,34873
2018-08-31 15:20:00.941614, 107,595,17,97,23224,384,36868,36908,37014,37064
2018-08-31 15:20:03.555960, 102,596,2,102,727757,385,54789,54831,57122,57172
2018-08-31 15:20:03.645551, 108,597,18,102,137694,384,48911,49013,60056,60106
2018-08-31 15:20:03.681317, 112,598,18,100,140953,384,59919,60025,61215,61265
2018-08-31 15:20:03.751081, 109,599,34,100,134321,368,23825,23944,63490,63540
2018-08-31 15:20:03.816116, 107,600,18,98,135546,368,6,46,146,196
2018-08-31 15:20:03.950006, 103,601,18,99,145887,400,33300,33438,4500,4550
2018-08-31 15:20:06.565048, 102,602,3,103,734361,385,22277,22319,24605,24655
2018-08-31 15:20:06.646184, 108,603,19,103,149068,384,16143,16245,27283,27332
2018-08-31 15:20:06.682167, 112,604,19,101,152322,384,27151,27257,28442,28491
2018-08-31 15:20:06.751996, 109,605,35,101,150861,384,56593,56712,30716,30766
2018-08-31 15:20:06.827172, 103,606,19,100,142206,368,61972,62110,33166,33216
2018-08-31 15:20:06.942903, 107,607,19,99,160120,400,36868,36908,37002,37052
2018-08-31 15:20:09.575335, 102,608,4,104,739658,385,55301,55343,57624,57673
2018-08-31 15:20:09.647444, 108,609,20,104,263342,384,48910,49013,60045,60094
2018-08-31 15:20:09.683791, 112,610,20,102,273472,384,59919,60025,61204,61254
2018-08-31 15:20:09.746012, 109,611,36,102,265051,383,23569,23688,63222,63272
2018-08-31 15:20:09.819496, 107,612,20,100,275436,368,6,46,135,185
2018-08-31 15:20:09.953716, 103,613,20,101,276888,400,33300,33438,4488,4538
2018-08-31 15:20:12.584451, 102,614,5,105,613002,385,22789,22831,25106,25156
2018-08-31 15:20:15.592720, 102,615,6,106,727423,385,55813,55855,58125,58175
2018-08-31 15:20:18.602562, 102,616,7,107,728142,385,23301,23343,25608,25657
2018-08-31 15:20:21.611783, 102,617,8,108,739321,385,56325,56367,58626,58676
2018-08-31 15:20:25.161222, 102,618,9,109,636659,454,41477,41519,43772,43822
2018-08-31 15:20:28.168611, 102,619,10,110,709784,385,8965,9007,11254,11304
2018-08-31 15:20:31.749121, 102,620,11,111,797301,458,60677,60719,62960,63010
2018-08-31 15:20:34.758622, 102,621,12,112,738400,385,28165,28207,30443,30492
2018-08-31 15:20:38.345985, 102,622,13,113,644176,459,14597,14639,16868,16918
2018-08-31 15:20:41.354403, 102,623,14,114,684752,385,47621,47663,49887,49937
2018-08-31 15:20:44.998760, 102,624,15,115,810876,466,35845,35887,38104,38155
2018-08-31 15:20:48.016158, 102,625,0,116,739279,386,3589,3631,5843,5894
2018-08-31 15:20:51.455855, 102,626,1,117,616927,440,50693,50735,52941,52991
2018-08-31 15:20:54.471682, 102,627,2,118,705753,386,18437,18479,20680,20729
2018-08-31 15:20:58.090966, 102,628,3,119,805787,463,5893,5935,8129,8179
2018-08-31 15:21:01.100812, 102,629,4,120,738197,385,38917,38959,41148,41197
2018-08-31 15:21:04.727656, 102,630,5,121,649784,464,26629,26671,28853,28903
2018-08-31 15:21:07.743674, 102,631,6,122,715455,386,59909,59951,62128,62178
2018-08-31 15:21:09.679378, 108,632,20,105,9572785,7680,48911,49013,59928,59978
2018-08-31 15:21:09.713990, 112,633,20,103,9518191,7680,59919,60025,61091,61141
2018-08-31 15:21:09.775211, 109,634,36,103,727063,7680,23569,23688,63109,63159
2018-08-31 15:21:09.847300, 107,635,20,101,9708273,7680,6,46,20,69
2018-08-31 15:21:09.984833, 103,636,20,102,9792758,7680,33300,33438,4371,4420
2018-08-31 15:21:11.371013, 102,637,7,123,807517,464,47627,47669,49840,49890
2018-08-31 15:21:14.388214, 102,638,8,124,738692,386,15365,15407,17572,17622
2018-08-31 15:21:17.982450, 102,639,9,125,645410,460,2053,2095,4254,4303
2018-08-31 15:21:20.992478, 102,640,10,126,709308,385,35077,35119,37272,37322
2018-08-31 15:21:24.628994, 102,641,11,127,809472,465,23045,23087,25234,25283
2018-08-31 15:21:27.635923, 102,642,12,128,736962,385,56069,56111,58252,58302
2018-08-31 15:21:31.256165, 102,643,13,129,648804,463,43525,43567,45702,45752
2018-08-31 15:21:34.274349, 102,644,14,130,714552,386,11269,11311,13441,13490
2018-08-31 15:21:37.907094, 102,645,15,131,809341,465,64773,64815,1402,1452
2018-08-31 15:21:40.918263, 102,646,0,132,737851,385,32261,32303,34421,34470
2018-08-31 15:21:44.482124, 102,647,1,133,639098,456,17925,17967,20078,20128
2018-08-31 15:21:47.490015, 102,648,2,134,709492,385,50949,50991,53097,53147
2018-08-31 15:21:51.095383, 102,649,3,135,801818,461,37893,37935,40035,40084
2018-08-31 15:21:54.113382, 102,650,4,136,739490,386,5637,5679,7773,7823
2018-08-31 15:21:57.746292, 102,651,5,137,652030,465,59141,59183,61271,61320
2018-08-31 15:22:00.754319, 102,652,6,138,712643,385,26629,26671,28753,28803
2018-08-31 15:22:04.365210, 102,653,7,139,804126,462,13829,13871,15947,15997
2018-08-31 15:22:07.383021, 102,654,8,140,738427,386,47109,47151,49222,49271
2018-08-31 15:22:09.709429, 108,655,20,106,10578438,7680,48911,49013,59812,59862
2018-08-31 15:22:09.744645, 112,656,20,104,10521818,7680,59919,60025,60979,61028
2018-08-31 15:22:09.805400, 109,657,36,104,779437,7680,23569,23688,62996,63046
2018-08-31 15:22:09.878345, 107,658,20,102,10849873,7680,6,46,65441,65491
2018-08-31 15:22:10.014023, 103,659,20,103,10968023,7680,33300,33438,4253,4303
2018-08-31 15:22:10.987198, 102,660,9,141,646735,461,34053,34095,36159,36209
2018-08-31 15:22:13.995035, 102,661,10,142,685060,385,1541,1583,3642,3692
2018-08-31 15:22:17.624033, 102,662,11,143,807015,464,54789,54831,56883,56933
2018-08-31 15:22:20.632590, 102,663,12,144,737413,385,22277,22319,24366,24416
2018-08-31 15:22:24.118127, 102,664,13,145,625583,446,5381,5423,7464,7513
2018-08-31 15:22:27.128404, 102,665,14,146,706537,385,38405,38447,40482,40532
2018-08-31 15:22:30.628059, 102,666,15,147,779913,448,22021,22063,24092,24142
2018-08-31 15:22:33.639731, 102,667,0,148,736159,385,55045,55087,57111,57160
2018-08-31 15:22:37.249623, 102,668,1,149,647551,462,42245,42287,44304,44354
2018-08-31 15:22:40.259575, 102,669,2,150,709068,385,9733,9775,11787,11837
2018-08-31 15:22:43.924662, 102,670,3,151,815992,469,64261,64303,772,822
2018-08-31 15:22:46.934778, 102,671,4,152,737287,385,31749,31791,33791,33841
2018-08-31 15:22:50.490772, 102,672,5,153,637976,455,17157,17199,19193,19242
2018-08-31 15:22:53.508514, 102,673,6,154,684284,386,50437,50479,52467,52517
2018-08-31 15:22:57.120255, 102,674,7,155,803238,462,37637,37679,39661,39711
2018-08-31 15:23:00.128351, 102,675,8,156,736998,385,5125,5167,7144,7193
2018-08-31 15:23:03.770661, 102,676,9,157,653170,466,58885,58927,60897,60947
2018-08-31 15:23:06.780902, 102,677,10,158,712045,385,26373,26415,28380,28430
2018-08-31 15:23:09.736859, 108,678,20,107,10578161,7680,48911,49013,59696,59746
2018-08-31 15:23:09.774147, 112,679,20,105,10524531,7680,59919,60025,60866,60916
2018-08-31 15:23:09.836320, 109,680,36,105,786500,7680,23569,23688,62883,62933
2018-08-31 15:23:09.908778, 107,681,20,103,10845586,7680,6,46,65326,65376
2018-08-31 15:23:10.043802, 103,682,20,104,10965770,7680,33300,33438,4135,4185
2018-08-31 15:23:10.453667, 102,683,11,159,818152,470,15621,15663,17621,17672
2018-08-31 15:23:13.462141, 102,684,12,160,737007,385,48645,48687,50640,50690
2018-08-31 15:23:17.091979, 102,685,13,161,650007,464,36357,36399,38345,38395
2018-08-31 15:23:20.100023, 102,686,14,162,712081,385,3845,3887,5828,5878
2018-08-31 15:23:23.703947, 102,687,15,163,801578,461,56325,56367,58301,58351
2018-08-31 15:23:26.712623, 102,688,0,164,736777,385,23813,23855,25784,25834
2018-08-31 15:23:30.355845, 102,689,1,165,653451,466,12037,12079,14002,14051
2018-08-31 15:23:33.364545, 102,690,2,166,685378,385,45061,45103,47020,47070
2018-08-31 15:23:36.819590, 102,691,3,167,768683,442,27141,27183,29094,29144
2018-08-31 15:23:39.828778, 102,692,4,168,736584,385,60165,60207,62113,62162
2018-08-31 15:23:43.260621, 102,693,5,169,623271,439,41477,41519,43419,43468
2018-08-31 15:23:46.269748, 102,694,6,170,662660,385,8965,9007,10901,10951
2018-08-31 15:23:49.669816, 102,695,7,171,757619,435,54789,54831,56719,56769
2018-08-31 15:23:52.937650, 102,696,8,172,797609,418,30725,30767,32649,32699
2018-08-31 15:23:56.282283, 102,697,9,173,599992,428,9221,9263,11139,11189
2018-08-31 15:23:59.761239, 102,698,10,174,763784,445,57605,57647,59517,59567
2018-08-31 15:24:02.770686, 102,699,11,175,695990,385,25093,25135,27000,27050
2018-08-31 15:24:06.326858, 102,700,12,176,868093,455,10501,10543,12401,12451
2018-08-31 15:24:09.335923, 102,701,13,177,593190,385,43525,43567,45420,45470
2018-08-31 15:24:09.770158, 108,702,20,108,10581119,7680,48911,49013,59580,59630
2018-08-31 15:24:09.806313, 112,703,20,106,10522155,7680,59919,60025,60753,60803
2018-08-31 15:24:09.866009, 109,704,36,106,894454,7680,23569,23688,62770,62820
2018-08-31 15:24:09.940348, 107,705,20,104,10847864,7680,6,46,65211,65261
2018-08-31 15:24:10.073455, 103,706,20,105,10970374,7680,33300,33438,4017,4067
2018-08-31 15:24:12.939674, 102,707,14,178,789784,461,30469,30511,32358,32407
2018-08-31 15:24:15.982565, 102,708,15,179,717995,386,63749,63791,96,146
2018-08-31 15:24:19.560499, 102,709,0,180,879522,461,50693,50735,52570,52620
2018-08-31 15:24:22.569056, 102,710,1,181,593399,385,18181,18223,20052,20102
2018-08-31 15:24:26.211859, 102,711,2,182,799113,466,6405,6447,8270,8320
2018-08-31 15:24:29.228610, 102,712,3,183,693293,386,39685,39727,41545,41594
2018-08-31 15:24:32.902404, 102,713,4,184,896683,470,28933,28975,30786,30836
2018-08-31 15:24:35.912264, 102,714,5,185,570560,385,61957,61999,63805,63854
2018-08-31 15:24:39.460945, 102,715,6,186,778452,454,47109,47151,48950,49000
2018-08-31 15:24:42.469836, 102,716,7,187,693392,385,14597,14639,16433,16483
2018-08-31 15:24:46.105075, 102,717,8,188,887105,465,2565,2607,4395,4444
2018-08-31 15:24:49.114164, 102,718,9,189,595979,385,35589,35631,37413,37463
2018-08-31 15:24:52.748859, 102,719,10,190,796959,465,23557,23599,25375,25424
2018-08-31 15:24:55.758463, 102,720,11,191,693183,385,56581,56623,58393,58443
2018-08-31 15:24:59.401040, 102,721,12,192,889023,466,44805,44847,46611,46660
2018-08-31 15:25:02.409574, 102,722,13,193,593511,385,12293,12335,14093,14143
2018-08-31 15:25:05.935380, 102,723,14,194,773337,451,62213,62255,64007,64057
2018-08-31 15:25:08.944440, 102,724,15,195,716018,385,29701,29743,31490,31539
2018-08-31 15:25:09.800631, 108,725,20,109,10582464,7680,48911,49013,59464,59514
2018-08-31 15:25:09.834868, 112,726,20,107,10524905,7680,59919,60025,60641,60691
2018-08-31 15:25:09.896445, 109,727,36,107,983172,7680,23569,23688,62657,62706
2018-08-31 15:25:09.970551, 107,728,20,105,10850690,7680,6,46,65096,65146
2018-08-31 15:25:10.103572, 103,729,20,106,10972084,7680,33300,33438,3900,3950
2018-08-31 15:25:12.563057, 102,730,0,196,883400,463,17157,17199,18939,18989
2018-08-31 15:25:15.573377, 102,731,1,197,567538,385,50181,50223,51958,52008
2018-08-31 15:25:19.152378, 102,732,2,198,784824,458,36357,36399,38128,38177
2018-08-31 15:25:22.162433, 102,733,3,199,716136,385,3845,3887,5610,5660
2018-08-31 15:25:25.788892, 102,734,4,200,885385,464,57093,57135,58852,58901
2018-08-31 15:25:28.798484, 102,735,5,201,596103,385,24581,24623,26334,26385
2018-08-31 15:25:32.425042, 102,736,6,202,794844,464,12293,12335,14040,14090
2018-08-31 15:25:35.435657, 102,737,7,203,719006,385,45317,45359,47058,47109
2018-08-31 15:25:39.054158, 102,738,8,204,883582,463,32774,32816,34509,34559
2018-08-31 15:25:42.062581, 102,739,9,205,592752,385,261,303,1991,2040
2018-08-31 15:25:45.697543, 102,740,10,206,796499,465,53765,53807,55488,55538
2018-08-31 15:25:48.707087, 102,741,11,207,716372,385,21253,21295,22971,23021
2018-08-31 15:25:52.240066, 102,742,12,208,862753,452,5893,5935,7604,7654
2018-08-31 15:25:55.248879, 102,743,13,209,589544,385,38917,38959,40623,40673
2018-08-31 15:25:58.891619, 102,744,14,210,798425,466,27141,27183,28841,28890
2018-08-31 15:26:01.901644, 102,745,15,211,719152,385,60165,60207,61859,61909
2018-08-31 15:26:05.528242, 102,746,0,212,885730,464,47877,47919,49565,49614
2018-08-31 15:26:08.544987, 102,747,1,213,597925,386,15621,15663,17303,17353
2018-08-31 15:26:09.830523, 108,748,20,110,10580052,7680,48911,49013,59348,59399
2018-08-31 15:26:09.866729, 112,749,20,108,10522881,7680,59919,60025,60529,60578
2018-08-31 15:26:09.928344, 109,750,36,108,5456606,7680,23569,23688,62543,62593
2018-08-31 15:26:10.000685, 107,751,20,106,10841054,7680,6,46,64981,65032
2018-08-31 15:26:10.133752, 103,752,20,107,10973431,7680,33300,33438,3783,3832
2018-08-31 15:26:12.172145, 102,753,2,214,794714,464,3333,3375,5009,5059
2018-08-31 15:26:15.181163, 102,754,3,215,719506,385,36357,36399,38027,38077
2018-08-31 15:26:18.815340, 102,755,4,216,887742,465,24325,24367,25989,26039
2018-08-31 15:26:21.825179, 102,756,5,217,596155,385,57349,57391,59008,59057
2018-08-31 15:26:25.452119, 102,757,6,218,794945,464,45061,45103,46713,46763
2018-08-31 15:26:28.462420, 102,758,7,219,719381,385,12549,12591,14196,14245
2018-08-31 15:26:32.095293, 102,759,8,220,887906,465,517,559,2157,2207
2018-08-31 15:26:35.104964, 102,760,9,221,596348,385,33541,33583,35176,35226
2018-08-31 15:26:38.748715, 102,761,10,222,798178,466,21765,21807,23393,23443
2018-08-31 15:26:41.756862, 102,762,11,223,719499,385,54789,54831,56412,56462
2018-08-31 15:26:45.392470, 102,763,12,224,887987,465,42757,42799,44374,44423
2018-08-31 15:26:48.400972, 102,764,13,225,595862,385,10245,10287,11856,11906
2018-08-31 15:26:52.034608, 102,765,14,226,796586,465,63749,63791,65354,65403
2018-08-31 15:26:55.045273, 102,766,15,227,719276,385,31237,31279,32836,32886
2018-08-31 15:26:58.678892, 102,767,0,228,888089,465,19205,19247,20798,20848
2018-08-31 15:27:01.688239, 102,768,1,229,596199,385,52229,52271,53816,53866
2018-08-31 15:27:05.314737, 102,769,2,230,794687,464,39941,39983,41522,41572
2018-08-31 15:27:08.326158, 102,770,3,231,719421,385,7429,7471,9005,9054
2018-08-31 15:27:09.859525, 108,771,20,111,10583116,7680,48911,49013,59232,59282
2018-08-31 15:27:09.894918, 112,772,20,109,10523939,7680,59919,60025,60416,60466
2018-08-31 15:27:09.957326, 109,773,36,109,7332577,7680,23569,23688,62430,62481
2018-08-31 15:27:10.029768, 107,774,20,107,10851680,7680,6,46,64867,64916
2018-08-31 15:27:10.162414, 103,775,20,108,10972149,7680,33300,33438,3665,3715
2018-08-31 15:27:11.951892, 102,776,4,232,886149,464,60677,60719,62246,62296
2018-08-31 15:27:14.961526, 102,777,5,233,596491,385,28165,28207,29729,29779
2018-08-31 15:27:18.589795, 102,778,6,234,794504,464,15877,15919,17434,17484
2018-08-31 15:27:21.597413, 102,779,7,235,719064,385,48901,48943,50453,50503
2018-08-31 15:27:25.199461, 102,780,8,236,880332,461,35845,35887,37391,37440
2018-08-31 15:27:28.210508, 102,781,9,237,596515,385,3333,3375,4873,4923
2018-08-31 15:27:31.835970, 102,782,10,238,794984,464,56581,56623,58115,58164
2018-08-31 15:27:34.847271, 102,783,11,239,719203,385,24069,24111,25597,25647
2018-08-31 15:27:38.474309, 102,784,12,240,885968,464,11781,11823,13303,13353
2018-08-31 15:27:41.480596, 102,785,13,241,595968,385,44805,44847,46321,46371
2018-08-31 15:27:44.991213, 102,786,14,242,771151,449,28677,28719,30187,30237
2018-08-31 15:27:47.999695, 102,787,15,243,683142,385,61701,61743,63206,63256
2018-08-31 15:27:51.588050, 102,788,0,244,876401,459,48133,48175,49631,49681
2018-08-31 15:27:54.598540, 102,789,1,245,592959,385,15621,15663,17114,17165
2018-08-31 15:27:58.139320, 102,790,2,246,777042,453,517,559,2004,2054
2018-08-31 15:28:01.148652, 102,791,3,247,691296,385,33541,33583,35022,35073
2018-08-31 15:28:04.783040, 102,792,4,248,887718,465,21509,21551,22984,23034
2018-08-31 15:28:07.792907, 102,793,5,249,593903,385,54533,54575,56003,56052
2018-08-31 15:28:09.889904, 108,794,20,112,10585937,7680,48911,49013,59116,59166
2018-08-31 15:28:09.925308, 112,795,20,110,10521658,7680,59919,60025,60304,60354
2018-08-31 15:28:09.987462, 109,796,36,110,7779109,7680,23569,23688,62317,62367
2018-08-31 15:28:10.060757, 107,797,20,108,10848022,7680,6,46,64752,64802
2018-08-31 15:28:10.193996, 103,798,20,109,10975275,7680,33300,33438,3548,3598
2018-08-31 15:28:11.473601, 102,799,6,250,807321,471,44037,44079,45500,45550
2018-08-31 15:28:14.483395, 102,800,7,251,718950,385,11525,11567,12983,13032
2018-08-31 15:28:17.913912, 102,801,8,252,837975,439,58373,58415,59825,59874
2018-08-31 15:28:20.931729, 102,802,9,253,562816,386,26117,26159,27563,27613
2018-08-31 15:28:24.503422, 102,803,10,254,782981,457,12038,12081,13479,13528
2018-08-31 15:28:27.522206, 102,804,11,255,718030,386,45317,45359,46751,46801
2018-08-31 15:28:31.107998, 102,805,12,256,875906,459,31749,31791,33177,33227
2018-08-31 15:28:34.124069, 102,806,13,257,595043,386,65029,65071,916,965
2018-08-31 15:28:37.722083, 102,807,14,258,788159,460,51717,51759,53133,53183
2018-08-31 15:28:40.730909, 102,808,15,259,691042,385,19205,19247,20616,20666
2018-08-31 15:28:44.365377, 102,809,0,260,887219,465,7173,7215,8577,8627
2018-08-31 15:28:47.375008, 102,810,1,261,570606,385,40197,40239,41596,41646
2018-08-31 15:28:50.992790, 102,811,2,262,793177,463,27653,27695,29046,29095
2018-08-31 15:28:54.003081, 102,812,3,263,718422,385,60677,60719,62064,62114
2018-08-31 15:28:57.637456, 102,813,4,264,886918,465,48645,48687,50026,50075
2018-08-31 15:29:00.648618, 102,814,5,265,596482,385,16133,16175,17508,17558
2018-08-31 15:29:04.179976, 102,815,6,266,774472,452,773,815,2142,2192
2018-08-31 15:29:07.188928, 102,816,7,267,715524,385,33797,33839,35161,35210
2018-08-31 15:29:09.919891, 108,817,20,113,10583069,7680,48911,49013,59001,59050
2018-08-31 15:29:09.954806, 112,818,20,111,10527467,7680,59919,60025,60192,60242
2018-08-31 15:29:10.018828, 109,819,36,111,8183541,7680,23569,23688,62204,62254
2018-08-31 15:29:10.090159, 107,820,20,109,10849053,7680,6,46,64638,64687
2018-08-31 15:29:10.223226, 103,821,20,110,10970014,7680,33300,33438,3430,3480
2018-08-31 15:29:10.769122, 102,822,8,268,873308,458,19973,20015,21330,21380
2018-08-31 15:29:13.786914, 102,823,9,269,594736,386,53253,53295,54605,54655
2018-08-31 15:29:17.351985, 102,824,10,270,781165,456,38917,38959,40263,40312
2018-08-31 15:29:20.367258, 102,825,11,271,717518,386,6661,6703,8001,8051
2018-08-31 15:29:23.979346, 102,826,12,272,880671,462,59397,59439,60731,60780
2018-08-31 15:29:26.989099, 102,827,13,273,596450,385,26885,26927,28213,28263
2018-08-31 15:29:30.607343, 102,828,14,274,792898,463,14341,14383,15663,15713
2018-08-31 15:29:33.624611, 102,829,15,275,720105,386,47621,47663,48938,48987
2018-08-31 15:29:37.228296, 102,830,0,276,878558,461,34565,34607,35875,35925
2018-08-31 15:29:40.236742, 102,831,1,277,596597,385,2053,2095,3358,3408
2018-08-31 15:29:43.872472, 102,832,2,278,796633,465,55557,55599,56855,56905
2018-08-31 15:29:46.880163, 102,833,3,279,717767,385,23045,23087,24338,24388
