2018-08-31 14:43:39.819377, make -k -j 20 z1-reset-sequence
2018-08-31 14:43:39.897166, make[1]: Entering directory `/home/user/contiki-master/examples/ipv6/multicast/simulations-bmrf-simple-contikiMAC-real'
2018-08-31 14:43:39.897263, ../../../../tools/zolertia/z1-bsl-nopic --z1 -c /dev/ttyUSB0 -r
2018-08-31 14:43:40.749298, Done
2018-08-31 14:43:40.749619, make[1]: Leaving directory `/home/user/contiki-master/examples/ipv6/multicast/simulations-bmrf-simple-contikiMAC-real'
2018-08-31 14:43:40.756460, ../../../../tools/sky/serialdump-linux -b115200 /dev/ttyUSB0
2018-08-31 14:43:41.420684, Rime started with address 100.0
2018-08-31 14:43:41.431648, MAC 64:00:00:00:00:00:00:00 Contiki 2.6 started. Node id is set to 100.
2018-08-31 14:43:41.439369, CSMA nullrdc, channel check rate 128 Hz, radio channel 16
2018-08-31 14:43:41.439430, Starting 'receiving messages from white motes'
2018-08-31 14:43:46.798763, 109,1,20,1,3405,8,28420,28461,4948,4998
2018-08-31 14:43:49.614290, 112,2,63,1,4142,9,28676,28717,31678,31728
2018-08-31 14:43:51.515643, 102,3,8,1,4367,9,28676,28717,28350,28400
2018-08-31 14:43:53.492495, 108,4,20,1,3031,8,28420,28461,27530,27580
2018-08-31 14:44:46.829545, 109,5,20,2,499679,7680,28420,28459,4835,4884
2018-08-31 14:44:49.647272, 112,6,63,2,5779278,7680,28676,28715,31566,31616
2018-08-31 14:44:51.546833, 102,7,8,2,12187915,7680,28676,28715,28244,28294
2018-08-31 14:44:53.522329, 108,8,20,2,411087,7680,28420,28459,27416,27466
2018-08-31 14:44:57.297443, 107,9,20,1,672183,7680,26372,26413,19959,20009
2018-08-31 14:45:00.512750, 103,10,20,1,381378,7680,26372,26412,59729,59779
2018-08-31 14:45:46.861265, 109,11,20,3,381918,7680,28420,28459,4723,4773
2018-08-31 14:45:49.678250, 112,12,63,3,5486094,7680,28676,28715,31455,31505
2018-08-31 14:45:51.577297, 102,13,8,3,12168325,7680,28676,28715,28140,28190
2018-08-31 14:45:53.552682, 108,14,20,3,208898,7680,28420,28459,27303,27353
2018-08-31 14:45:57.327425, 107,15,20,2,463965,7680,26372,26411,19845,19895
2018-08-31 14:46:00.543751, 103,16,20,2,247582,7680,26372,26411,59612,59663
2018-08-31 14:46:46.890937, 109,17,20,4,381107,7680,28420,28459,4611,4660
2018-08-31 14:46:49.707193, 112,18,63,4,5450237,7680,28676,28715,31344,31394
2018-08-31 14:46:51.609141, 102,19,8,4,12182912,7680,28676,28715,28036,28086
2018-08-31 14:46:51.623925, 102,20,0,5,3542,2,29188,29227,28548,28597
2018-08-31 14:46:51.761967, 107,21,16,3,423836,6964,39684,39723,33055,33105
2018-08-31 14:46:51.848165, 103,22,16,3,205981,6564,2820,2859,35962,36012
2018-08-31 14:46:52.119431, 109,23,16,5,33948,669,3076,3115,44793,44843
2018-08-31 14:46:52.427584, 112,24,16,5,246315,348,52228,52267,54891,54941
2018-08-31 14:46:53.301604, 108,25,32,4,230933,7644,19204,19243,17974,18024
2018-08-31 14:46:54.633651, 102,26,1,6,592591,385,62212,62251,61566,61616
2018-08-31 14:46:54.669816, 112,27,17,6,9188,287,60170,60209,62829,62879
2018-08-31 14:46:54.725546, 103,28,17,4,14648,368,31492,31531,64628,64678
2018-08-31 14:46:54.761810, 107,29,17,4,26927,384,6916,6955,282,332
2018-08-31 14:46:54.862960, 109,30,17,6,24549,351,27396,27435,3572,3622
2018-08-31 14:46:54.927361, 108,31,33,5,6378,208,6916,6955,5683,5733
2018-08-31 14:46:57.641603, 102,32,2,7,732377,385,29700,29739,29049,29099
2018-08-31 14:46:57.681211, 112,33,18,7,140058,385,27652,27691,30306,30355
2018-08-31 14:46:57.726279, 103,34,18,5,135571,384,64260,64299,31854,31904
2018-08-31 14:46:57.764088, 107,35,18,5,144760,384,39684,39723,33044,33094
2018-08-31 14:46:57.873068, 109,36,18,7,143907,385,60420,60459,36590,36640
2018-08-31 14:46:57.929513, 108,37,34,6,131335,384,39684,39723,38446,38496
2018-08-31 14:47:00.651449, 102,38,3,8,742208,385,62724,62763,62068,62118
2018-08-31 14:47:00.682767, 112,39,19,8,151133,384,60420,60459,63068,63118
2018-08-31 14:47:00.727972, 103,40,19,6,146081,384,31492,31531,64617,64667
2018-08-31 14:47:00.763823, 107,41,19,6,155536,384,6916,6955,270,321
2018-08-31 14:47:00.872297, 109,42,19,8,153695,384,27652,27691,3816,3866
2018-08-31 14:47:00.929736, 108,43,35,7,142766,384,6916,6955,5672,5722
2018-08-31 14:47:03.661511, 102,44,4,9,757826,385,30212,30251,29551,29600
2018-08-31 14:47:03.729697, 103,45,20,7,265441,384,64260,64299,31843,31893
2018-08-31 14:47:03.765920, 107,46,20,7,272085,384,39684,39723,33033,33083
2018-08-31 14:47:03.800912, 112,47,20,9,283446,399,31492,31531,34134,34184
2018-08-31 14:47:03.875545, 109,48,20,9,269499,384,60420,60459,36579,36629
2018-08-31 14:47:03.931410, 108,49,36,8,256696,384,39684,39723,38434,38484
2018-08-31 14:47:06.670575, 102,50,5,10,611400,385,63236,63275,62569,62619
2018-08-31 14:47:06.731285, 103,51,21,8,24987,384,31492,31531,64605,64655
2018-08-31 14:47:06.767101, 107,52,21,8,23290,384,6916,6955,259,309
2018-08-31 14:47:06.809948, 112,53,21,10,13401,385,64516,64555,1617,1667
2018-08-31 14:47:06.868125, 109,54,21,10,21934,383,27400,27439,3553,3603
2018-08-31 14:47:06.933220, 108,55,37,9,13387,384,6916,6955,5661,5711
2018-08-31 14:47:09.678498, 102,56,6,11,733895,385,30724,30763,30052,30102
2018-08-31 14:47:09.734684, 103,57,22,9,135128,384,64260,64299,31831,31881
2018-08-31 14:47:09.768724, 107,58,22,9,144781,384,39684,39723,33022,33072
2018-08-31 14:47:10.121865, 109,59,22,11,155541,416,2820,2859,44503,44554
2018-08-31 14:47:10.180039, 112,60,22,11,157593,431,43786,43826,46417,46467
2018-08-31 14:47:11.185021, 108,61,38,10,205395,544,15108,15147,13845,13895
2018-08-31 14:47:12.688324, 102,62,7,12,736964,385,63748,63787,63071,63121
2018-08-31 14:47:12.736271, 103,63,23,10,148928,384,31492,31531,64593,64644
2018-08-31 14:47:12.770614, 107,64,23,10,158439,384,6916,6955,248,298
2018-08-31 14:47:12.813238, 112,65,23,12,139176,337,64516,64555,1606,1656
2018-08-31 14:47:12.878300, 109,66,23,12,145276,353,27652,27691,3794,3845
2018-08-31 14:47:12.935544, 108,67,39,11,83832,224,6916,6955,5649,5699
2018-08-31 14:47:15.699104, 102,68,8,13,757884,385,31236,31275,30554,30604
2018-08-31 14:47:15.734752, 103,69,24,11,267241,384,64260,64299,31820,31870
2018-08-31 14:47:15.773977, 107,70,24,11,272670,384,39684,39723,33010,33061
2018-08-31 14:47:15.806309, 112,71,24,13,304159,383,31492,31531,34112,34162
2018-08-31 14:47:15.873848, 109,72,24,13,270271,383,60164,60203,36300,36350
2018-08-31 14:47:16.064668, 108,73,40,12,270883,400,43780,43819,42507,42557
2018-08-31 14:47:18.707378, 102,74,9,14,611918,385,64260,64299,63573,63622
2018-08-31 14:47:18.738289, 103,75,25,12,15577,384,31492,31531,64582,64632
2018-08-31 14:47:18.773435, 107,76,25,12,27089,384,6916,6955,237,287
2018-08-31 14:47:18.815647, 112,77,25,14,12695,385,64516,64555,1595,1645
2018-08-31 14:47:18.883890, 109,78,25,14,26152,385,27652,27691,3783,3833
2018-08-31 14:47:20.065223, 108,79,41,13,15151,512,43780,43819,42500,42550
2018-08-31 14:47:21.716646, 102,80,10,15,731188,385,31748,31787,31055,31105
2018-08-31 14:47:21.751176, 109,81,26,15,138850,367,56068,56107,32193,32243
2018-08-31 14:47:21.810580, 112,82,26,15,144790,383,31493,31538,34108,34158
2018-08-31 14:47:21.872688, 103,83,26,13,143203,401,3076,3115,36160,36210
2018-08-31 14:47:21.902422, 107,84,26,13,152571,400,43780,43819,37095,37145
2018-08-31 14:47:21.941866, 108,85,42,14,102603,240,39684,39723,38400,38450
2018-08-31 14:47:24.724818, 102,86,11,16,740933,385,64772,64811,64074,64124
2018-08-31 14:47:24.776696, 107,87,27,14,149259,368,6916,6955,226,276
2018-08-31 14:47:24.820091, 112,88,27,16,151763,385,64516,64555,1584,1633
2018-08-31 14:47:24.866501, 103,89,27,14,145477,383,35588,35627,3130,3180
2018-08-31 14:47:25.011928, 109,90,27,16,167380,417,31748,31787,7867,7917
2018-08-31 14:47:25.067787, 108,91,43,15,148451,400,11012,11051,9723,9773
2018-08-31 14:47:27.734965, 102,92,12,17,757808,385,32260,32299,31557,31607
2018-08-31 14:47:27.779343, 107,93,28,15,277754,384,39684,39723,32988,33039
2018-08-31 14:47:27.993008, 103,94,28,15,277684,400,6916,6955,39988,40038
2018-08-31 14:47:28.138538, 109,95,28,17,282847,400,3076,3115,44725,44775
2018-08-31 14:47:28.943318, 108,96,44,16,335921,496,6916,6955,5619,5669
2018-08-31 14:47:30.744742, 102,97,13,18,611384,385,65284,65323,64576,64625
2018-08-31 14:47:30.780416, 107,98,29,16,23397,384,6916,6955,214,265
2018-08-31 14:47:30.868097, 103,99,29,16,11033,368,35588,35627,3119,3169
2018-08-31 14:47:31.013312, 109,100,29,18,25868,368,31748,31787,7856,7906
2018-08-31 14:47:31.070178, 108,101,45,17,9157,272,11012,11051,9711,9761
2018-08-31 14:47:33.753097, 102,102,14,19,731358,385,32773,32813,32060,32109
2018-08-31 14:47:33.781131, 107,103,30,17,144670,384,39684,39723,32977,33028
2018-08-31 14:47:34.622611, 103,104,30,17,196054,480,27396,27435,60455,60506
2018-08-31 14:47:35.008044, 109,105,30,19,199735,511,31498,31538,7599,7649
2018-08-31 14:47:35.073170, 108,106,46,18,176322,512,11012,11051,9704,9754
2018-08-31 14:47:36.763620, 102,107,15,20,717292,385,260,299,65077,65127
2018-08-31 14:47:37.569320, 112,108,31,17,1210366,1631,23300,23339,25880,25930
2018-08-31 14:47:37.871216, 103,109,31,18,168715,416,2827,2866,35881,35931
2018-08-31 14:47:37.908262, 107,110,31,18,230711,528,43780,43819,37065,37115
2018-08-31 14:47:38.009942, 109,111,31,20,160436,384,64260,64299,40355,40405
2018-08-31 14:47:38.074271, 108,112,47,19,142458,384,43780,43819,42466,42516
2018-08-31 14:47:39.771593, 102,113,0,21,756854,385,33284,33323,32560,32610
2018-08-31 14:47:39.952337, 112,114,16,18,217741,305,35844,35883,38420,38470
2018-08-31 14:47:40.624217, 103,115,16,19,248929,352,27396,27435,60444,60494
2018-08-31 14:47:40.660447, 107,116,16,19,255588,352,2820,2859,61636,61686
2018-08-31 14:47:41.018297, 109,117,16,21,278657,385,31748,31787,7837,7887
2018-08-31 14:47:41.075797, 108,118,32,20,257195,384,11012,11051,9692,9743
2018-08-31 14:47:42.780088, 102,119,1,22,586828,385,772,811,43,93
2018-08-31 14:47:43.625873, 103,120,17,20,19697,384,60164,60203,27670,27720
2018-08-31 14:47:44.013675, 109,121,17,22,30742,383,64260,64299,40344,40394
2018-08-31 14:47:44.036896, 107,122,17,20,37144,432,47876,47915,41149,41200
2018-08-31 14:47:44.077182, 108,123,33,21,14137,384,43780,43819,42455,42505
2018-08-31 14:47:45.791029, 102,124,2,23,709768,385,33796,33835,33062,33111
2018-08-31 14:47:46.572323, 112,125,18,19,26344,847,56069,56114,58638,58688
2018-08-31 14:47:46.626438, 103,126,18,21,142892,384,27396,27435,60432,60482
2018-08-31 14:47:46.663924, 107,127,18,21,132959,336,2820,2859,61625,61675
2018-08-31 14:47:46.772368, 109,128,18,23,136835,353,23556,23595,65171,65220
2018-08-31 14:47:46.829348, 108,129,34,22,121352,352,2820,2859,1489,1540
2018-08-31 14:47:48.798833, 102,130,3,24,725456,385,1284,1323,544,594
2018-08-31 14:47:48.877827, 103,131,19,22,109286,288,35595,35634,3091,3141
2018-08-31 14:47:48.915789, 107,132,19,22,116992,288,11012,11051,4276,4326
2018-08-31 14:47:49.014655, 109,133,19,24,115901,287,31492,31531,7566,7616
2018-08-31 14:47:50.205240, 108,134,35,23,162021,432,47876,47915,46539,46589
2018-08-31 14:47:51.810427, 102,135,4,25,757857,385,34308,34347,33563,33613
2018-08-31 14:47:51.879182, 103,136,20,23,266269,384,2820,2859,35846,35896
2018-08-31 14:47:51.916541, 107,137,20,23,272095,384,43780,43819,37039,37089
2018-08-31 14:47:52.016815, 109,138,20,25,289906,384,64260,64299,40329,40379
2018-08-31 14:47:53.081047, 108,139,36,24,247455,368,11012,11051,9670,9720
2018-08-31 14:47:54.818665, 102,140,5,26,610887,385,1796,1835,1046,1096
2018-08-31 14:47:55.326608, 112,141,21,20,440034,1120,15108,15147,17655,17705
2018-08-31 14:47:55.387812, 103,142,21,24,17988,449,52228,52267,19712,19762
2018-08-31 14:47:55.644416, 109,143,21,26,39729,464,51972,52011,28034,28084
2018-08-31 14:47:55.706594, 108,144,37,25,21226,336,31492,31531,30145,30195
2018-08-31 14:47:55.792713, 107,145,21,24,34999,496,39684,39723,32935,32985
2018-08-31 14:47:57.828098, 102,146,6,27,719948,385,34820,34859,34065,34114
2018-08-31 14:47:57.882094, 103,147,22,25,114440,319,2820,2859,35835,35885
2018-08-31 14:47:57.920269, 107,148,22,25,102698,272,43780,43819,37027,37078
2018-08-31 14:47:57.951611, 112,149,22,21,123560,336,35588,35627,38131,38180
2018-08-31 14:47:58.026346, 109,150,22,27,116704,305,64516,64555,40574,40623
2018-08-31 14:47:58.084480, 108,151,38,26,103850,304,43780,43819,42428,42478
2018-08-31 14:48:00.839211, 102,152,7,28,742380,385,2308,2347,1547,1597
2018-08-31 14:48:00.884409, 103,153,23,26,145177,384,35588,35627,3061,3111
2018-08-31 14:48:00.919955, 107,154,23,26,155644,384,11012,11051,4254,4304
2018-08-31 14:48:00.961414, 112,155,23,22,151559,385,3076,3115,5613,5663
2018-08-31 14:48:01.021553, 109,156,23,28,152442,383,31498,31537,7550,7600
2018-08-31 14:48:01.085881, 108,157,39,27,142483,384,11012,11051,9654,9704
2018-08-31 14:48:03.847851, 102,158,8,29,757915,385,35332,35371,34566,34616
2018-08-31 14:48:03.885176, 103,159,24,27,264268,384,2820,2859,35823,35873
2018-08-31 14:48:03.922851, 107,160,24,27,272144,384,43780,43819,37016,37066
2018-08-31 14:48:03.964558, 112,161,24,23,272915,384,35844,35883,38376,38425
2018-08-31 14:48:04.021468, 109,162,24,29,268562,384,64260,64299,40306,40356
2018-08-31 14:48:04.086693, 108,163,40,28,256792,384,43780,43819,42417,42467
2018-08-31 14:48:06.856979, 102,164,9,30,613291,385,2820,2859,2049,2099
2018-08-31 14:48:06.886056, 103,165,25,28,11073,384,35588,35627,3050,3099
2018-08-31 14:48:06.924915, 107,166,25,28,23348,384,11012,11051,4243,4293
2018-08-31 14:48:07.033126, 109,167,25,30,22581,385,31748,31787,7789,7839
2018-08-31 14:48:07.090665, 112,168,25,24,12475,400,7172,7211,9698,9747
2018-08-31 14:48:07.212346, 108,169,41,29,12193,400,15108,15147,13739,13789
2018-08-31 14:48:09.865493, 102,170,10,31,733216,385,35844,35883,35068,35117
2018-08-31 14:48:09.899947, 109,171,26,31,152949,367,60164,60203,36199,36249
2018-08-31 14:48:09.925155, 107,172,26,29,144909,384,43780,43819,37005,37055
2018-08-31 14:48:09.959443, 112,173,26,25,133916,367,35593,35632,38114,38163
2018-08-31 14:48:10.021019, 103,174,26,29,142021,401,7172,7211,40164,40214
2018-08-31 14:48:10.965589, 108,175,42,30,164721,480,6916,6955,5540,5590
2018-08-31 14:48:12.875525, 102,176,11,32,740334,385,3332,3371,2551,2600
2018-08-31 14:48:12.926973, 107,177,27,30,155602,384,11012,11051,4231,4281
2018-08-31 14:48:13.015837, 103,178,27,30,144188,383,39684,39723,7134,7185
2018-08-31 14:48:13.160163, 109,179,27,32,170659,417,35844,35883,11873,11923
2018-08-31 14:48:14.467195, 108,180,43,31,166019,448,56068,56107,54685,54735
2018-08-31 14:48:15.884195, 102,181,12,33,757959,385,36356,36395,35569,35619
2018-08-31 14:48:15.928448, 107,182,28,31,273123,384,43780,43819,36994,37044
2018-08-31 14:48:16.017997, 103,183,28,31,263749,384,6916,6955,39896,39947
2018-08-31 14:48:16.154981, 109,184,28,33,270513,383,2820,2859,44380,44430
2018-08-31 14:48:16.969464, 108,185,44,32,223636,320,6916,6955,5528,5578
2018-08-31 14:48:18.893655, 102,186,13,34,610687,385,3844,3883,3052,3102
2018-08-31 14:48:18.929957, 107,187,29,32,23370,384,11012,11051,4220,4270
2018-08-31 14:48:19.768710, 103,188,29,32,19372,480,64260,64299,31697,31748
2018-08-31 14:48:20.154711, 109,189,29,34,39616,512,2820,2859,44372,44422
2018-08-31 14:48:20.219280, 108,190,45,33,13142,416,47876,47915,46482,46532
2018-08-31 14:48:21.903750, 102,191,14,35,707780,385,36868,36907,36071,36121
2018-08-31 14:48:21.932115, 107,192,30,33,152189,384,43780,43819,36982,37032
2018-08-31 14:48:23.032510, 109,193,30,35,144922,368,31492,31531,7503,7553
2018-08-31 14:48:23.097037, 108,194,46,34,125521,368,11012,11051,9613,9663
2018-08-31 14:48:23.153759, 103,195,30,33,163420,433,44036,44075,11466,11516
2018-08-31 14:48:24.913355, 102,196,15,36,718364,385,4356,4395,3554,3603
2018-08-31 14:48:24.974980, 112,197,31,26,752174,1921,3076,3115,5569,5618
2018-08-31 14:48:25.021921, 103,198,31,34,90002,239,39684,39723,7111,7161
2018-08-31 14:48:25.058153, 107,199,31,34,171595,400,15108,15147,8305,8355
2018-08-31 14:48:25.166751, 109,200,31,36,109960,273,35844,35883,11851,11901
2018-08-31 14:48:25.223449, 108,201,47,35,101260,272,15108,15147,13705,13755
2018-08-31 14:48:27.921947, 102,202,0,37,757873,385,37380,37419,36572,36623
2018-08-31 14:48:28.022691, 103,203,16,35,262902,384,6916,6955,39873,39923
2018-08-31 14:48:28.059924, 107,204,16,35,272161,384,47876,47915,41067,41117
2018-08-31 14:48:28.159639, 109,205,16,37,268685,383,2820,2859,44357,44407
2018-08-31 14:48:29.725588, 108,206,32,36,385301,576,31492,31531,30080,30130
2018-08-31 14:48:30.931316, 102,207,1,38,611410,385,4868,4907,4055,4106
2018-08-31 14:48:31.025246, 103,208,17,36,9996,384,39689,39727,7104,7154
2018-08-31 14:48:31.061440, 107,209,17,36,23500,384,15108,15147,8293,8343
2018-08-31 14:48:31.162199, 109,210,17,38,25306,384,35588,35627,11584,11633
2018-08-31 14:48:32.101150, 108,211,33,37,10044,304,43780,43819,42364,42414
2018-08-31 14:48:33.940960, 102,212,2,39,730683,385,37892,37931,37074,37125
2018-08-31 14:48:33.971251, 112,213,18,27,820225,1151,35589,35634,38071,38120
2018-08-31 14:48:34.151223, 103,214,18,37,140090,400,11012,11051,43957,44007
2018-08-31 14:48:34.187425, 107,215,18,37,151753,400,51972,52011,45151,45202
2018-08-31 14:48:34.295993, 109,216,18,39,151392,401,7172,7211,48698,48748
2018-08-31 14:48:34.352721, 108,217,34,38,99287,288,51972,52011,50552,50602
2018-08-31 14:48:36.950580, 102,218,3,40,737796,385,5380,5419,4557,4607
2018-08-31 14:48:37.027848, 103,219,19,38,139279,368,39684,39723,7088,7138
2018-08-31 14:48:37.064082, 107,220,19,38,149432,368,15108,15147,8282,8332
2018-08-31 14:48:37.164856, 109,221,19,40,146188,367,35588,35627,11572,11622
2018-08-31 14:48:37.730901, 112,222,19,28,190080,481,27652,27691,30121,30171
2018-08-31 14:48:38.480119, 108,223,35,39,195680,528,56068,56107,54640,54690
2018-08-31 14:48:39.959624, 102,224,4,41,757957,385,38404,38443,37576,37625
2018-08-31 14:48:40.029121, 103,225,20,39,263070,384,6916,6955,39850,39900
2018-08-31 14:48:40.065272, 107,226,20,39,291915,384,47876,47915,41044,41094
2018-08-31 14:48:40.173841, 109,227,20,41,271166,385,3076,3115,44591,44641
2018-08-31 14:48:40.357812, 112,228,20,29,242260,336,48132,48171,50596,50646
2018-08-31 14:48:40.731369, 108,229,36,40,194502,288,64260,64299,62828,62877
2018-08-31 14:48:42.969521, 102,230,5,42,611536,385,5892,5931,5058,5108
2018-08-31 14:48:43.038993, 103,231,21,40,10949,385,39940,39979,7332,7382
2018-08-31 14:48:43.067654, 107,232,21,40,23257,384,15108,15147,8271,8321
2018-08-31 14:48:43.167428, 109,233,21,42,22277,383,35588,35627,11561,11611
2018-08-31 14:48:43.851351, 112,234,21,30,12733,447,31492,31531,33950,34000
2018-08-31 14:48:44.357733, 108,235,37,41,15184,464,51972,52011,50533,50583
2018-08-31 14:48:45.978219, 102,236,6,43,732245,385,38916,38955,38077,38127
2018-08-31 14:48:46.032018, 103,237,22,41,132889,383,6916,6955,39838,39888
2018-08-31 14:48:46.069222, 107,238,22,41,144633,384,47876,47915,41033,41083
2018-08-31 14:48:46.168932, 109,239,22,43,145464,384,2820,2859,44324,44373
2018-08-31 14:48:48.988158, 102,240,7,44,739433,385,6404,6443,5560,5610
2018-08-31 14:48:49.041951, 103,241,23,42,145070,385,39940,39979,7321,7371
2018-08-31 14:48:49.070317, 107,242,23,42,186954,384,15108,15147,8260,8310
2018-08-31 14:48:49.171103, 109,243,23,44,153108,384,35588,35627,11550,11600
2018-08-31 14:48:51.360860, 108,244,38,42,315162,896,19204,19243,17752,17802
2018-08-31 14:48:51.603411, 108,245,39,43,7187,16,27147,27186,25694,25744
2018-08-31 14:48:51.997281, 102,246,8,45,757914,385,39428,39467,38579,38628
2018-08-31 14:48:52.107866, 112,247,24,31,382479,1056,39684,39723,42127,42176
2018-08-31 14:48:52.160706, 103,248,24,43,275529,399,11012,11051,43923,43973
2018-08-31 14:48:52.196864, 107,249,24,43,284254,400,51972,52011,45118,45168
2018-08-31 14:48:52.305473, 109,250,24,45,288532,401,7172,7211,48664,48714
2018-08-31 14:48:52.362168, 108,251,40,44,66262,97,51972,52011,50518,50568
2018-08-31 14:48:55.006358, 102,252,9,46,611033,385,6916,6955,6061,6111
2018-08-31 14:48:55.044525, 103,253,25,44,10639,369,39940,39979,7309,7359
2018-08-31 14:48:55.073817, 107,254,25,44,22400,368,15108,15147,8248,8298
2018-08-31 14:48:55.173558, 109,255,25,46,20633,367,35592,35631,11543,11593
2018-08-31 14:48:55.365266, 112,256,25,32,13809,417,15364,15403,17801,17850
2018-08-31 14:48:56.489144, 108,257,41,45,15553,528,56068,56107,54606,54656
2018-08-31 14:48:58.016420, 102,258,10,47,732576,385,39940,39979,39080,39130
2018-08-31 14:48:58.037925, 103,259,26,45,133076,383,6916,6955,39815,39865
2018-08-31 14:48:58.075059, 107,260,26,45,144662,384,47876,47915,41011,41061
2018-08-31 14:48:58.112266, 112,261,26,33,130859,351,39690,39729,42122,42171
2018-08-31 14:48:58.174860, 109,262,26,47,144505,384,2820,2859,44301,44351
2018-08-31 14:48:58.239421, 108,263,42,46,77656,224,47876,47915,46411,46460
2018-08-31 14:49:01.025587, 102,264,11,48,742242,385,7428,7467,6563,6613
2018-08-31 14:49:01.076488, 107,265,27,46,155666,384,15108,15147,8237,8287
2018-08-31 14:49:01.117580, 112,266,27,34,151607,385,7172,7211,9598,9648
2018-08-31 14:49:01.164517, 103,267,27,46,149871,400,43780,43819,11137,11187
2018-08-31 14:49:01.309653, 109,268,27,48,160331,401,39940,39979,15879,15929
2018-08-31 14:49:01.366385, 108,269,43,47,149618,400,19204,19243,17733,17783
2018-08-31 14:49:04.034956, 102,270,12,49,757988,385,40452,40491,39582,39632
2018-08-31 14:49:04.077945, 107,271,28,47,272252,384,47876,47915,40999,41049
2018-08-31 14:49:04.113133, 112,272,28,35,272231,383,39684,39723,42105,42154
2018-08-31 14:49:04.173833, 103,273,28,47,264869,385,11268,11307,44156,44206
2018-08-31 14:49:04.302984, 109,274,28,49,267957,383,6916,6955,48386,48436
2018-08-31 14:49:04.367463, 108,275,44,48,257238,384,51972,52011,50495,50545
2018-08-31 14:49:07.044269, 102,276,13,50,613537,385,7940,7979,7065,7114
2018-08-31 14:49:07.079442, 107,277,29,48,23309,384,15108,15147,8226,8276
2018-08-31 14:49:07.114696, 112,278,29,36,11696,384,6916,6955,9331,9381
2018-08-31 14:49:07.167470, 103,279,29,48,9525,383,43780,43819,11126,11176
2018-08-31 14:49:07.313210, 109,280,29,50,22292,385,39940,39979,15868,15918
2018-08-31 14:49:07.368956, 108,281,45,49,12179,384,19204,19243,17721,17771
2018-08-31 14:49:10.052769, 102,282,14,51,732173,385,40964,41003,40083,40133
2018-08-31 14:49:10.080731, 107,283,30,49,144619,384,47876,47915,40988,41038
2018-08-31 14:49:10.121660, 112,284,30,37,139565,385,39940,39979,42349,42399
2018-08-31 14:49:10.168046, 103,285,30,49,133251,384,11014,11053,43890,43940
2018-08-31 14:49:10.304273, 109,286,30,51,141872,383,6918,6957,48377,48427
2018-08-31 14:49:10.371798, 108,287,46,50,131231,384,51972,52011,50484,50534
2018-08-31 14:49:13.062316, 102,288,15,52,740757,385,8452,8491,7566,7616
2018-08-31 14:49:13.118700, 112,289,31,38,149808,383,6916,6955,9320,9370
2018-08-31 14:49:13.171588, 103,290,31,50,144075,384,43780,43819,11114,11164
2018-08-31 14:49:13.206446, 107,291,31,50,162043,400,19204,19243,12310,12360
2018-08-31 14:49:13.307905, 109,292,31,52,152908,384,39684,39723,15601,15651
2018-08-31 14:49:13.372064, 108,293,47,51,142669,384,19204,19243,17710,17760
2018-08-31 14:49:16.072585, 102,294,0,53,757940,385,41476,41515,40585,40635
2018-08-31 14:49:16.125964, 112,295,16,39,273831,385,39940,39979,42338,42388
2018-08-31 14:49:16.171982, 103,296,16,51,262389,384,11012,11051,43877,43927
2018-08-31 14:49:16.209366, 107,297,16,51,272131,384,51972,52011,45073,45123
2018-08-31 14:49:16.308901, 109,298,16,53,268561,384,6916,6955,48363,48413
2018-08-31 14:49:16.372617, 108,299,32,52,257030,384,51972,52011,50472,50522
2018-08-31 14:49:19.080595, 102,300,1,54,611370,385,8964,9003,8068,8117
2018-08-31 14:49:19.119532, 112,301,17,40,11120,383,6916,6955,9309,9359
2018-08-31 14:49:19.173828, 103,302,17,52,10914,384,43780,43819,11103,11153
2018-08-31 14:49:19.210410, 107,303,17,52,23406,384,19204,19243,12299,12349
2018-08-31 14:49:19.317787, 109,304,17,54,22674,385,39940,39979,15846,15896
2018-08-31 14:49:19.376144, 108,305,33,53,12658,384,19204,19243,17699,17748
2018-08-31 14:49:22.090587, 102,306,2,55,732384,385,41988,42027,41086,41136
2018-08-31 14:49:22.183972, 103,307,18,53,134147,385,11268,11307,44121,44171
2018-08-31 14:49:22.211803, 107,308,18,53,144672,384,51972,52011,45061,45112
2018-08-31 14:49:22.312400, 109,309,18,55,141859,383,6918,6957,48354,48404
2018-08-31 14:49:23.876565, 108,310,34,54,196313,576,35588,35627,34074,34124
2018-08-31 14:49:25.099557, 102,311,3,56,740131,385,9476,9515,8569,8619
2018-08-31 14:49:25.177001, 103,312,19,54,143453,383,43780,43819,11091,11141
2018-08-31 14:49:25.213840, 107,313,19,54,155613,384,19204,19243,12288,12338
2018-08-31 14:49:25.255728, 112,314,19,41,284005,785,11268,11307,13650,13699
2018-08-31 14:49:25.322578, 109,315,19,56,156204,385,39940,39979,15835,15885
2018-08-31 14:49:25.377407, 108,316,35,55,71761,192,19204,19243,17687,17737
2018-08-31 14:49:28.108040, 102,317,4,57,757893,385,42500,42539,41588,41638
2018-08-31 14:49:28.186348, 103,318,20,55,263918,385,11268,11307,44110,44160
2018-08-31 14:49:28.215837, 107,319,20,55,272221,384,51972,52011,45050,45100
2018-08-31 14:49:28.247579, 112,320,20,42,272286,383,43780,43819,46156,46206
2018-08-31 14:49:28.322567, 109,321,20,57,268792,384,7172,7211,48597,48648
2018-08-31 14:49:28.378950, 108,322,36,56,256750,384,51972,52011,50450,50499
2018-08-31 14:49:31.118354, 102,323,5,58,611588,385,9988,10027,9071,9121
2018-08-31 14:49:31.179854, 103,324,21,56,13029,383,43780,43819,11080,11130
2018-08-31 14:49:31.214911, 107,325,21,56,23679,384,19204,19243,12277,12327
2018-08-31 14:49:31.317782, 109,326,21,58,22433,383,39684,39723,15567,15618
2018-08-31 14:49:32.008108, 112,327,21,43,14786,481,35844,35883,38213,38263
2018-08-31 14:49:32.131417, 108,328,37,57,14305,480,43780,43819,42251,42300
2018-08-31 14:49:34.130359, 102,329,6,59,732874,385,43012,43051,42090,42139
2018-08-31 14:49:35.056510, 103,330,22,57,172165,496,39684,39723,6976,7026
2018-08-31 14:49:35.202460, 109,331,22,59,185018,497,35844,35883,11720,11770
2018-08-31 14:49:35.256328, 108,332,38,58,136324,400,15108,15147,13573,13623
2018-08-31 14:49:37.137493, 102,333,7,60,737953,385,10500,10539,9572,9622
2018-08-31 14:49:37.181825, 103,334,23,58,103359,272,43784,43823,11072,11122
2018-08-31 14:49:37.320120, 109,335,23,60,109024,271,39683,39723,15556,15605
2018-08-31 14:49:38.383379, 108,336,39,59,150736,400,51972,52011,50431,50481
2018-08-31 14:49:40.144749, 102,337,8,61,757721,385,43524,43563,42591,42641
2018-08-31 14:49:40.220925, 107,338,24,57,432262,1152,51972,52011,45028,45078
2018-08-31 14:49:41.059767, 103,339,24,59,347548,496,39684,39723,6965,7015
2018-08-31 14:49:41.579111, 109,340,24,61,395483,545,48132,48171,23996,24046
2018-08-31 14:49:41.635666, 108,341,40,60,278461,416,27396,27435,25849,25898
2018-08-31 14:49:43.156178, 102,342,9,62,582225,385,11012,11051,10074,10124
2018-08-31 14:49:43.192978, 103,343,25,60,12042,273,44036,44075,11313,11363
2018-08-31 14:49:44.322447, 109,344,25,62,29088,351,6916,6955,48311,48361
2018-08-31 14:49:44.347020, 107,345,25,58,49199,528,56068,56107,49116,49167
2018-08-31 14:49:44.387124, 108,346,41,61,11422,352,51972,52011,50419,50469
2018-08-31 14:49:46.165159, 102,347,10,63,708656,385,44036,44075,43093,43142
2018-08-31 14:49:46.187292, 103,348,26,61,147745,383,11012,11051,43819,43869
2018-08-31 14:49:47.331748, 109,349,26,63,151308,385,39940,39979,15793,15843
2018-08-31 14:49:47.387900, 108,350,42,62,161575,384,19204,19243,17646,17696
2018-08-31 14:49:47.473861, 107,351,26,59,158739,400,27396,27435,20438,20489
2018-08-31 14:49:49.174376, 102,352,11,64,716894,385,11524,11563,10575,10625
2018-08-31 14:49:49.383184, 112,353,27,44,805183,2223,15108,15147,17445,17495
2018-08-31 14:49:49.438019, 103,354,27,62,167607,416,51972,52011,19237,19287
2018-08-31 14:49:49.475502, 107,355,27,60,106316,256,27396,27435,20434,20485
2018-08-31 14:49:49.575226, 109,356,27,64,120044,287,47878,47917,23727,23777
2018-08-31 14:49:49.640898, 108,357,43,63,107414,288,27396,27435,25834,25883
2018-08-31 14:49:52.184882, 102,358,12,65,757350,385,44548,44587,43594,43644
2018-08-31 14:49:52.226264, 107,359,28,61,249024,352,51972,52011,45005,45055
2018-08-31 14:49:52.315835, 103,360,28,63,251793,368,15108,15147,47903,47953
2018-08-31 14:49:52.459173, 109,361,28,65,258753,369,11268,11307,52648,52698
2018-08-31 14:49:53.266058, 108,362,44,64,310606,464,15108,15147,13539,13589
2018-08-31 14:49:55.194011, 102,363,13,66,611068,385,12036,12075,11077,11127
2018-08-31 14:49:55.228896, 107,364,29,62,23298,384,19204,19243,12232,12282
2018-08-31 14:49:55.263375, 112,365,29,45,532767,752,11012,11051,13338,13388
2018-08-31 14:49:55.325454, 103,366,29,64,11023,385,48132,48171,15386,15436
2018-08-31 14:49:55.462385, 109,367,29,66,23572,384,44036,44075,19874,19924
2018-08-31 14:49:55.517520, 108,368,45,65,9735,288,23300,23339,21726,21777
2018-08-31 14:49:58.200689, 102,369,14,67,733567,385,45060,45099,44096,44145
2018-08-31 14:49:58.230003, 107,370,30,63,144550,384,51972,52011,44994,45044
2018-08-31 14:49:58.264454, 112,371,30,46,139282,384,43780,43819,46101,46150
2018-08-31 14:49:58.319404, 103,372,30,65,132989,383,15108,15147,47892,47942
2018-08-31 14:50:01.212581, 102,373,15,68,738963,385,12548,12587,11579,11628
2018-08-31 14:50:01.326506, 103,374,31,66,145044,385,48132,48171,15374,15424
2018-08-31 14:50:01.357533, 107,375,31,64,162864,400,23300,23339,16316,16366
2018-08-31 14:50:02.142469, 112,376,31,47,192147,496,39684,39723,41998,42047
2018-08-31 14:50:04.221111, 102,377,0,69,757250,385,45572,45611,44597,44647
2018-08-31 14:50:04.341246, 109,378,16,67,412732,1136,7172,7211,48530,48580
2018-08-31 14:50:04.454259, 103,379,16,67,275068,400,19460,19499,52232,52282
2018-08-31 14:50:04.483388, 107,380,16,65,282926,400,60164,60203,53174,53224
2018-08-31 14:50:04.642736, 112,381,16,48,227618,320,56068,56107,58377,58427
2018-08-31 14:50:06.773077, 108,382,32,66,489857,1440,64260,64299,62665,62715
2018-08-31 14:50:07.228682, 102,383,1,70,610494,385,13060,13099,12080,12130
2018-08-31 14:50:07.321255, 103,384,17,68,9268,367,47876,47915,15107,15156
2018-08-31 14:50:07.360356, 107,385,17,66,22368,368,23300,23339,16305,16355
2018-08-31 14:50:10.238557, 102,386,2,71,729005,385,46084,46123,45099,45149
2018-08-31 14:50:10.332032, 103,387,18,69,134054,385,15364,15403,48125,48175
2018-08-31 14:50:10.360845, 107,388,18,67,144471,384,56068,56107,49067,49117
2018-08-31 14:50:10.778459, 112,389,18,49,22061,785,60420,60459,62718,62767
2018-08-31 14:50:13.249736, 102,390,3,72,737856,385,13572,13611,12582,12631
2018-08-31 14:50:13.338123, 109,391,19,68,56984,1151,39691,39730,15495,15545
2018-08-31 14:50:13.396216, 112,392,19,50,129692,335,15108,15147,17401,17451
2018-08-31 14:50:13.450663, 103,393,19,70,150517,399,51972,52011,19191,19241
2018-08-31 14:50:13.486796, 107,394,19,68,161922,400,27396,27435,20389,20439
2018-08-31 14:50:14.777030, 108,395,35,67,29415,1024,64260,64299,62650,62700
2018-08-31 14:50:16.258462, 102,396,4,73,757138,385,46596,46635,45600,45650
2018-08-31 14:50:16.336049, 103,397,20,71,252663,369,15364,15403,48113,48163
2018-08-31 14:50:16.365036, 107,398,20,69,260518,368,56068,56107,49056,49106
2018-08-31 14:50:16.465244, 109,399,20,69,281033,400,11012,11051,52347,52397
2018-08-31 14:50:17.653508, 108,400,36,68,245778,368,27396,27435,25781,25831
2018-08-31 14:50:19.267196, 102,401,5,74,611054,385,14084,14123,13083,13133
2018-08-31 14:50:19.326306, 103,402,21,72,9767,383,47876,47915,15084,15133
2018-08-31 14:50:19.364431, 107,403,21,70,23303,384,23300,23339,16282,16332
2018-08-31 14:50:19.466856, 109,404,21,70,22876,384,43780,43819,19574,19623
2018-08-31 14:50:22.031164, 108,405,37,69,16570,560,39684,39723,38060,38110
2018-08-31 14:50:22.277546, 102,406,6,75,730690,385,47108,47147,46102,46152
2018-08-31 14:50:22.587427, 103,407,22,73,148735,417,23556,23595,56293,56343
2018-08-31 14:50:22.616897, 107,408,22,71,158558,416,64260,64299,57236,57286
2018-08-31 14:50:23.475863, 109,409,22,71,200091,513,44036,44075,19822,19872
2018-08-31 14:50:23.531910, 108,410,38,70,65778,192,23300,23339,21674,21724
2018-08-31 14:50:25.286249, 102,411,7,76,716712,385,14596,14635,13585,13634
2018-08-31 14:50:25.589630, 103,412,23,74,154632,384,56324,56363,23520,23569
2018-08-31 14:50:25.618914, 107,413,23,72,162830,384,31492,31531,24463,24513
2018-08-31 14:50:26.468768, 109,414,23,72,161235,383,11018,11057,52334,52384
2018-08-31 14:50:26.534198, 108,415,39,71,142360,384,56068,56107,54436,54486
2018-08-31 14:50:28.294394, 102,416,8,77,756049,385,47620,47659,46603,46653
2018-08-31 14:50:28.342090, 103,417,24,75,248447,352,15364,15403,48090,48141
2018-08-31 14:50:29.477865, 109,418,24,73,277709,385,44036,44075,19811,19861
2018-08-31 14:50:29.535292, 108,419,40,72,257155,384,23300,23339,21662,21712
2018-08-31 14:50:29.619715, 107,420,24,73,376954,512,31492,31531,24455,24505
2018-08-31 14:50:31.304576, 102,421,9,78,588001,385,15108,15147,14086,14136
2018-08-31 14:50:31.334858, 103,422,25,76,19627,383,47878,47917,15062,15113
2018-08-31 14:50:32.479314, 109,423,25,74,31742,384,11268,11307,52573,52623
2018-08-31 14:50:32.496705, 107,424,25,74,30122,368,60164,60203,53122,53172
2018-08-31 14:50:32.537820, 108,425,41,73,13862,384,56068,56107,54425,54475
2018-08-31 14:50:34.314339, 102,426,10,79,709025,385,48132,48171,47105,47155
2018-08-31 14:50:35.462069, 103,427,26,77,202628,528,51972,52011,19149,19198
2018-08-31 14:50:35.497054, 107,428,26,75,151735,384,27396,27435,20348,20398
2018-08-31 14:50:35.597880, 109,429,26,75,156426,399,47876,47915,23640,23689
2018-08-31 14:50:35.663093, 108,430,42,74,136522,400,27396,27435,25747,25797
2018-08-31 14:50:37.324654, 102,431,11,80,716647,385,15620,15659,14588,14638
2018-08-31 14:50:37.623677, 107,432,27,76,112546,272,31492,31531,24440,24490
2018-08-31 14:50:38.469949, 103,433,27,78,155370,385,19460,19499,52167,52217
2018-08-31 14:50:38.607724, 109,434,27,76,162261,385,15364,15403,56658,56708
2018-08-31 14:50:38.665424, 108,435,43,75,149478,384,60164,60203,58509,58559
2018-08-31 14:50:40.333288, 102,436,12,81,755702,385,48644,48683,47607,47656
2018-08-31 14:50:41.464924, 103,437,28,79,271667,383,51972,52011,19137,19187
2018-08-31 14:50:41.500957, 107,438,28,77,365634,496,27396,27435,20337,20387
2018-08-31 14:50:41.601855, 109,439,28,77,277467,383,47876,47915,23628,23678
2018-08-31 14:50:41.792030, 108,440,44,76,267810,400,31492,31531,29831,29881
2018-08-31 14:50:43.342425, 102,441,13,82,586478,385,16132,16171,15089,15139
2018-08-31 14:50:43.376211, 107,442,29,78,15568,240,23300,23339,16237,16287
2018-08-31 14:50:44.487217, 109,443,29,78,30931,369,11268,11307,52551,52601
2018-08-31 14:50:44.543692, 108,444,45,77,11428,352,56068,56107,54402,54452
2018-08-31 14:50:44.598635, 103,445,29,80,22721,401,23556,23595,56251,56301
2018-08-31 14:50:46.352821, 102,446,14,83,704702,385,49156,49195,48108,48158
2018-08-31 14:50:47.218843, 103,447,30,81,125582,335,43780,43818,10934,10983
2018-08-31 14:50:47.605660, 109,448,30,79,159284,399,47876,47915,23617,23667
2018-08-31 14:50:47.669233, 108,449,46,78,138952,400,27396,27435,25724,25774
2018-08-31 14:50:48.128119, 107,450,30,79,250757,608,47876,47915,40805,40854
2018-08-31 14:50:49.361907, 102,451,15,84,715694,385,16644,16683,15591,15641
2018-08-31 14:50:50.226157, 103,452,31,82,162734,385,11268,11307,43952,44002
2018-08-31 14:50:50.613498, 109,453,31,80,168202,385,15364,15403,56636,56685
2018-08-31 14:50:50.670695, 108,454,47,79,142714,384,60164,60203,58486,58536
2018-08-31 14:50:50.757083, 107,455,31,80,144506,336,2820,2859,61280,61329
2018-08-31 14:50:52.369633, 102,456,0,85,755516,385,49668,49707,48610,48659
2018-08-31 14:50:53.471941, 103,457,16,83,296351,415,51972,52011,19114,19164
2018-08-31 14:50:53.507028, 107,458,16,81,257041,352,27396,27435,20314,20364
2018-08-31 14:50:53.607106, 109,459,16,81,276778,383,47876,47915,23606,23656
2018-08-31 14:50:53.673246, 108,460,32,80,256816,384,27396,27435,25713,25763
2018-08-31 14:50:55.379966, 102,461,1,86,586640,385,17156,17195,16092,16143
2018-08-31 14:50:56.229541, 103,462,17,84,17806,353,11268,11307,43941,43990
2018-08-31 14:50:56.259786, 107,463,17,82,28037,352,51972,52011,44885,44935
2018-08-31 14:50:56.616742, 109,464,17,82,31818,385,15364,15403,56624,56674
2018-08-31 14:50:56.674803, 108,465,33,81,12050,384,60164,60203,58475,58525
2018-08-31 14:50:58.387402, 102,466,2,87,708798,385,50180,50219,49111,49162
2018-08-31 14:50:59.224678, 103,467,18,85,142966,383,43780,43818,10911,10960
2018-08-31 14:50:59.260416, 107,468,18,83,152898,384,19204,19243,12112,12161
2018-08-31 14:50:59.618903, 109,469,18,83,149271,384,48132,48171,23851,23901
2018-08-31 14:50:59.675279, 108,470,34,82,131132,384,27396,27435,25701,25751
2018-08-31 14:51:01.397491, 102,471,3,88,716837,385,17668,17707,16594,16644
2018-08-31 14:51:02.232703, 103,472,19,86,154858,385,11268,11307,43929,43979
2018-08-31 14:51:02.262531, 107,473,19,84,162554,384,51972,52011,44874,44924
2018-08-31 14:51:04.406781, 102,474,4,89,755021,385,50692,50731,49613,49662
2018-08-31 14:51:04.984236, 103,475,20,87,247970,352,35844,35883,2964,3014
2018-08-31 14:51:06.265387, 107,476,20,85,373054,512,51972,52011,44866,44916
2018-08-31 14:51:07.418019, 102,477,5,90,586050,385,18180,18219,17095,17145
2018-08-31 14:51:07.623814, 109,478,21,84,423544,1024,48132,48171,23836,23886
2018-08-31 14:51:08.603518, 103,479,21,88,29707,463,23300,23339,55949,55999
2018-08-31 14:51:08.639454, 107,480,21,86,27227,304,64260,64299,57150,57200
2018-08-31 14:51:09.804493, 108,481,37,83,478692,1296,31492,31531,29778,29828
2018-08-31 14:51:10.424961, 102,482,6,91,707848,385,51204,51243,50114,50164
2018-08-31 14:51:10.738128, 103,483,22,89,97729,273,27652,27691,60297,60347
2018-08-31 14:51:10.766150, 107,484,22,87,104670,272,2820,2859,61242,61292
2018-08-31 14:51:11.625313, 109,485,22,85,206410,512,48132,48171,23828,23878
2018-08-31 14:51:11.681435, 108,486,38,84,82313,240,27396,27435,25679,25729
2018-08-31 14:51:13.426026, 112,487,19,51,5428487,7680,15108,15147,17290,17340
2018-08-31 14:51:13.435210, 102,488,7,92,717404,385,18692,18731,17597,17647
2018-08-31 14:51:13.731919, 103,489,23,90,153374,383,60164,60203,27267,27317
2018-08-31 14:51:14.626345, 109,490,23,86,162226,384,15364,15403,56591,56641
2018-08-31 14:51:14.682644, 108,491,39,85,146640,384,60164,60203,58441,58491
2018-08-31 14:51:16.445046, 102,492,8,93,754741,385,51716,51755,50616,50665
2018-08-31 14:51:16.489201, 103,493,24,91,247467,353,19460,19499,52094,52144
2018-08-31 14:51:17.620398, 109,494,24,87,277373,383,47876,47915,23561,23611
2018-08-31 14:51:17.685318, 108,495,40,86,258336,384,27396,27435,25667,25717
2018-08-31 14:51:19.452214, 102,496,9,94,586505,385,19204,19243,18098,18148
2018-08-31 14:51:19.520943, 107,497,25,88,477019,1120,27396,27435,20266,20315
2018-08-31 14:51:20.358327, 103,498,25,92,31370,495,15108,15147,47734,47784
2018-08-31 14:51:20.755574, 109,499,25,88,34687,401,19460,19499,60675,60725
2018-08-31 14:51:20.811809, 108,500,41,87,14793,400,64260,64299,62525,62575
2018-08-31 14:51:22.463996, 102,501,10,95,706708,385,52228,52267,51117,51167
2018-08-31 14:51:22.622984, 109,502,26,89,111269,239,15108,15147,56320,56370
2018-08-31 14:51:23.610866, 103,503,26,93,159875,416,56068,56107,23152,23202
2018-08-31 14:51:23.647095, 107,504,26,89,214362,528,31492,31531,24354,24404
2018-08-31 14:51:23.687066, 108,505,42,88,127768,368,27396,27435,25656,25706
2018-08-31 14:51:25.473094, 102,506,11,96,717342,385,19716,19755,18600,18650
2018-08-31 14:51:25.773732, 107,507,27,90,112361,272,35588,35627,28446,28496
2018-08-31 14:51:26.612363, 103,508,27,94,154867,384,23300,23339,55914,55964
2018-08-31 14:51:26.757511, 109,509,27,90,231720,529,19460,19499,60664,60714
2018-08-31 14:51:26.814374, 108,510,43,89,154783,400,64260,64299,62514,62564
2018-08-31 14:51:28.481915, 102,511,12,97,754504,385,52740,52779,51619,51668
2018-08-31 14:51:29.619784, 103,512,28,95,274735,385,56324,56363,23396,23446
2018-08-31 14:51:29.650834, 107,513,28,91,365061,496,31492,31531,24342,24392
2018-08-31 14:51:29.751140, 109,514,28,91,277310,383,51972,52011,27634,27684
2018-08-31 14:51:29.815764, 108,515,44,90,256850,384,31492,31531,29740,29790
2018-08-31 14:51:31.492308, 102,516,13,98,586546,385,20228,20267,19101,19151
2018-08-31 14:51:31.525115, 107,517,29,92,15290,240,27396,27435,20243,20293
2018-08-31 14:51:32.636067, 109,518,29,92,31078,369,15364,15403,56557,56607
2018-08-31 14:51:32.691624, 108,519,45,91,12809,368,60164,60203,58407,58457
2018-08-31 14:51:32.741704, 103,520,29,96,22000,399,27402,27441,60005,60055
2018-08-31 14:51:34.501528, 102,521,14,99,708543,385,53252,53291,52120,52170
2018-08-31 14:51:34.528207, 107,522,30,93,152701,384,60164,60203,53005,53055
2018-08-31 14:51:35.374237, 103,523,30,97,125374,337,48132,48171,15193,15243
2018-08-31 14:51:35.753270, 109,524,30,93,156472,399,51971,52010,27622,27672
2018-08-31 14:51:35.816973, 108,525,46,92,136643,400,31492,31531,29729,29779
2018-08-31 14:51:37.510642, 102,526,15,100,716215,385,20740,20779,19603,19653
2018-08-31 14:51:38.626657, 103,527,31,98,169088,416,23556,23595,56147,56197
2018-08-31 14:51:38.654010, 107,528,31,94,228813,528,64260,64299,57094,57143
2018-08-31 14:51:38.764521, 109,529,31,94,163374,385,19460,19499,60642,60691
2018-08-31 14:51:38.819307, 108,530,47,93,142591,384,64260,64299,62491,62541
2018-08-31 14:51:40.520083, 102,531,0,101,754146,385,53764,53803,52622,52671
2018-08-31 14:51:41.640048, 109,532,16,95,266260,368,48132,48171,23772,23823
2018-08-31 14:51:41.697300, 108,533,32,94,245870,368,27396,27435,25622,25672
2018-08-31 14:51:41.743656, 103,534,16,99,282703,399,60164,60203,27213,27263
2018-08-31 14:51:41.782380, 107,535,16,95,290074,400,35588,35627,28416,28465
2018-08-31 14:51:43.527319, 102,536,1,102,586761,385,21252,21291,20104,20154
2018-08-31 14:51:44.193412, 112,537,17,52,2791896,3936,39684,39723,41809,41859
2018-08-31 14:51:44.254647, 103,538,17,100,15986,321,11268,11307,43848,43898
2018-08-31 14:51:44.282772, 107,539,17,96,25371,320,51972,52011,44795,44845
2018-08-31 14:51:44.383738, 109,540,17,96,25570,351,6916,6955,48087,48138
2018-08-31 14:51:44.447884, 108,541,33,95,11336,352,51972,52011,50193,50242
2018-08-31 14:51:46.537119, 102,542,2,103,718195,385,54276,54315,53123,53173
2018-08-31 14:51:46.621643, 103,543,18,101,105149,303,23300,23339,55876,55926
2018-08-31 14:51:46.768426, 109,544,18,97,114308,305,19460,19499,60627,60677
2018-08-31 14:51:49.326102, 108,545,34,96,214205,624,15108,15147,13319,13369
2018-08-31 14:51:49.545840, 102,546,3,104,736832,385,21764,21803,20606,20656
2018-08-31 14:51:49.632208, 103,547,19,102,147266,385,56324,56363,23358,23408
2018-08-31 14:51:49.760095, 109,548,19,98,156222,383,51972,52011,27597,27647
2018-08-31 14:51:51.826469, 108,549,35,97,118799,320,31492,31531,29699,29748
2018-08-31 14:51:52.556585, 102,550,4,105,754692,385,54788,54827,53625,53674
2018-08-31 14:51:52.912580, 107,551,20,97,413603,1104,6916,6955,65259,65309
2018-08-31 14:51:52.999667, 103,552,20,103,298142,431,35588,35627,2615,2665
2018-08-31 14:51:54.021306, 109,553,20,99,392843,545,60420,60459,36037,36087
2018-08-31 14:51:54.077466, 108,554,36,98,193821,288,39684,39723,37886,37936
2018-08-31 14:51:55.566299, 102,555,5,106,582792,385,22276,22315,21107,21157
2018-08-31 14:51:55.823530, 112,556,21,53,560849,1488,27396,27435,29500,29549
2018-08-31 14:51:58.574524, 102,557,6,107,725856,385,55300,55339,54126,54176
2018-08-31 14:51:58.698843, 112,558,22,54,133092,368,56068,56107,58166,58216
2018-08-31 14:52:01.584050, 102,559,7,108,735422,385,22788,22827,21609,21659
2018-08-31 14:52:01.699699, 112,560,23,55,150243,384,23300,23339,25393,25443
2018-08-31 14:52:04.592978, 102,561,8,109,754437,385,55812,55851,54628,54677
2018-08-31 14:52:05.951511, 112,562,24,56,392475,544,31492,31531,33577,33627
2018-08-31 14:52:07.822767, 102,563,9,110,580930,413,30468,30507,29278,29328
2018-08-31 14:52:11.042277, 102,564,10,111,710105,412,4868,4907,3672,3722
2018-08-31 14:52:14.051318, 102,565,11,112,691324,385,37892,37931,36691,36741
2018-08-31 14:52:17.287346, 102,566,12,113,808904,414,12804,12843,11597,11647
2018-08-31 14:52:20.898066, 102,567,13,114,647911,462,6,45,64329,64379
2018-08-31 14:52:23.914510, 102,568,14,115,718497,386,33284,33323,32066,32115
2018-08-31 14:52:27.534839, 102,569,15,116,809202,463,20740,20779,19515,19565
2018-08-31 14:52:30.544823, 102,570,0,117,753153,385,53764,53803,52534,52584
2018-08-31 14:52:34.170757, 102,571,1,118,650525,464,41476,41515,40240,40290
2018-08-31 14:52:37.180911, 102,572,2,119,716169,385,8964,9003,7723,7772
2018-08-31 14:52:40.784055, 102,573,3,120,805611,461,61444,61483,60196,60246
2018-08-31 14:52:43.792854, 102,574,4,121,752920,385,28932,28971,27679,27729
2018-08-31 14:52:47.413421, 102,575,5,122,648590,463,16388,16427,15129,15178
2018-08-31 14:52:50.429097, 102,576,6,123,718015,386,49668,49707,48403,48453
2018-08-31 14:52:52.941209, 107,577,20,98,9869039,7680,6916,6955,65146,65196
2018-08-31 14:52:53.031298, 103,578,20,104,9847755,7680,35588,35627,2500,2550
2018-08-31 14:52:54.032136, 102,579,7,124,806290,461,36612,36651,35341,35391
2018-08-31 14:52:54.050210, 109,580,20,100,9521250,7680,60420,60459,35925,35975
2018-08-31 14:52:54.108701, 108,581,36,99,2777850,7680,39684,39723,37773,37822
2018-08-31 14:52:57.040926, 102,582,8,125,752492,385,4100,4139,2824,2873
2018-08-31 14:53:00.614577, 102,583,9,126,640957,457,55556,55595,54274,54323
2018-08-31 14:53:03.625613, 102,584,10,127,709937,385,23044,23083,21756,21806
2018-08-31 14:53:05.982792, 112,585,24,57,156153,7680,31492,31531,33466,33516
2018-08-31 14:53:07.110609, 102,586,11,128,780446,446,6148,6187,4854,4904
2018-08-31 14:53:10.345792, 102,587,12,129,807414,414,46596,46635,45296,45346
2018-08-31 14:53:13.794383, 102,588,13,130,620055,441,28420,28459,27114,27164
2018-08-31 14:53:16.803049, 102,589,14,131,667928,385,61444,61483,60133,60183
2018-08-31 14:53:20.400516, 102,590,15,132,804779,460,48132,48171,46815,46865
2018-08-31 14:53:23.407392, 102,591,0,133,751825,385,15620,15659,14298,14348
2018-08-31 14:53:26.964666, 102,592,1,134,638333,455,1028,1067,65235,65286
2018-08-31 14:53:29.973853, 102,593,2,135,709071,385,34052,34091,32718,32770
2018-08-31 14:53:33.593033, 102,594,3,136,808965,463,21508,21547,20168,20217
2018-08-31 14:53:36.609559, 102,595,4,137,753910,386,54788,54827,53442,53492
2018-08-31 14:53:40.166276, 102,596,5,138,638977,455,40196,40235,38844,38894
2018-08-31 14:53:43.175204, 102,597,6,139,709997,385,7684,7723,6327,6377
2018-08-31 14:53:46.802824, 102,598,7,140,811040,464,60932,60971,59569,59618
2018-08-31 14:53:49.819278, 102,599,8,141,752512,386,28676,28715,27307,27357
2018-08-31 14:53:52.974327, 107,600,20,99,10854236,7680,6916,6955,65033,65083
2018-08-31 14:53:53.062374, 103,601,20,105,10824480,7680,35588,35627,2385,2434
2018-08-31 14:53:53.313740, 102,602,9,142,637662,447,12036,12075,10661,10711
2018-08-31 14:53:54.083586, 109,603,20,101,10451769,7680,60420,60459,35813,35863
2018-08-31 14:53:54.138388, 108,604,36,100,1936981,7680,39684,39723,37659,37709
2018-08-31 14:53:56.323221, 102,605,10,143,670011,385,45060,45099,43680,43730
2018-08-31 14:53:59.949671, 102,606,11,144,810390,464,32773,32813,31387,31436
2018-08-31 14:54:02.958979, 102,607,12,145,751380,385,260,299,64404,64454
2018-08-31 14:54:06.013355, 112,608,24,58,356860,7680,31492,31531,33356,33405
2018-08-31 14:54:06.562205, 102,609,13,146,646208,461,52740,52779,51342,51392
2018-08-31 14:54:09.579470, 102,610,14,147,714995,386,20484,20523,19081,19130
2018-08-31 14:54:13.191111, 102,611,15,148,806722,462,7684,7723,6274,6324
2018-08-31 14:54:16.208084, 102,612,0,149,753021,386,40964,41003,39549,39599
2018-08-31 14:54:19.819075, 102,613,1,150,647436,462,28164,28203,26743,26792
2018-08-31 14:54:22.828725, 102,614,2,151,715737,385,61188,61227,59761,59811
2018-08-31 14:54:26.455904, 102,615,3,152,810414,464,48900,48939,47467,47517
2018-08-31 14:54:29.465015, 102,616,4,153,750691,385,16388,16427,14950,14999
2018-08-31 14:54:33.075671, 102,617,5,154,647149,462,3588,3627,2143,2193
2018-08-31 14:54:36.093685, 102,618,6,155,717784,386,36868,36907,35418,35468
2018-08-31 14:54:39.712549, 102,619,7,156,809219,463,24324,24363,22868,22917
2018-08-31 14:54:42.721220, 102,620,8,157,750420,385,57348,57387,55886,55936
2018-08-31 14:54:46.348880, 102,621,9,158,650321,464,45060,45099,43592,43642
2018-08-31 14:54:49.359221, 102,622,10,159,715802,385,12548,12587,11075,11124
2018-08-31 14:54:52.977307, 102,623,11,160,809093,463,6,45,64062,64112
2018-08-31 14:54:53.004763, 107,624,20,100,10833766,7680,6916,6955,64921,64971
2018-08-31 14:54:53.092716, 103,625,20,106,10808239,7680,35588,35627,2269,2320
2018-08-31 14:54:54.113933, 109,626,20,102,10450376,7680,60420,60459,35701,35751
2018-08-31 14:54:54.168710, 108,627,36,101,10487373,7680,39684,39723,37545,37595
2018-08-31 14:54:55.985667, 102,628,12,161,750116,385,33028,33067,31543,31593
2018-08-31 14:54:59.628390, 102,629,13,162,653380,466,21252,21291,19761,19810
2018-08-31 14:55:02.637925, 102,630,14,163,715815,385,54276,54315,52779,52829
2018-08-31 14:55:06.015116, 102,631,15,164,754913,432,33796,33835,32293,32343
2018-08-31 14:55:06.043480, 112,632,24,59,159963,7680,31492,31531,33245,33296
2018-08-31 14:55:09.023503, 102,633,0,165,749811,385,1284,1323,65312,65362
2018-08-31 14:55:12.635136, 102,634,1,166,647467,462,54020,54059,52506,52556
2018-08-31 14:55:15.652041, 102,635,2,167,717848,386,21764,21803,20245,20294
2018-08-31 14:55:19.279486, 102,636,3,168,810339,464,9476,9515,7950,8000
2018-08-31 14:55:22.288800, 102,637,4,169,750002,385,42500,42539,40969,41019
2018-08-31 14:55:25.899955, 102,638,5,170,647618,462,29700,29739,28163,28212
2018-08-31 14:55:28.909360, 102,639,6,171,715676,385,62724,62763,61181,61231
2018-08-31 14:55:32.543865, 102,640,7,172,812303,465,50692,50731,49143,49193
2018-08-31 14:55:35.553544, 102,641,8,173,749932,385,18180,18219,16626,16675
2018-08-31 14:55:39.164206, 102,642,9,174,647984,462,5380,5419,3819,3869
2018-08-31 14:55:42.173660, 102,643,10,175,715827,385,38404,38443,36838,36888
2018-08-31 14:55:45.792251, 102,644,11,176,808760,463,25860,25899,24288,24337
2018-08-31 14:55:48.802140, 102,645,12,177,749912,385,58884,58923,57306,57357
2018-08-31 14:55:52.428929, 102,646,13,178,650526,464,46596,46635,45012,45062
2018-08-31 14:55:53.033595, 107,647,20,101,10855160,7680,6916,6955,64808,64858
2018-08-31 14:55:53.121670, 103,648,20,107,10811868,7680,35588,35627,2153,2203
2018-08-31 14:55:54.142763, 109,649,20,103,10457219,7680,60420,60459,35589,35638
2018-08-31 14:55:54.200429, 108,650,36,102,10487693,7680,39684,39723,37432,37482
2018-08-31 14:55:55.438129, 102,651,14,179,715528,385,14084,14123,12495,12545
2018-08-31 14:55:59.049688, 102,652,15,180,807178,462,1284,1323,65224,65274
2018-08-31 14:56:02.058506, 102,653,0,181,749852,385,34308,34347,32707,32757
2018-08-31 14:56:05.678355, 102,654,1,182,648712,463,21764,21803,20157,20206
2018-08-31 14:56:06.074436, 112,655,24,60,158024,7680,31492,31531,33135,33184
2018-08-31 14:56:08.695237, 102,656,2,183,717867,386,55044,55083,53431,53481
2018-08-31 14:56:12.314382, 102,657,3,184,808702,463,42500,42539,40881,40931
2018-08-31 14:56:15.323334, 102,658,4,185,749797,385,9988,10027,8364,8413
2018-08-31 14:56:18.934528, 102,659,5,186,647463,462,62724,62763,61093,61143
2018-08-31 14:56:21.943805, 102,660,6,187,715736,385,30212,30251,28576,28626
2018-08-31 14:56:25.570430, 102,661,7,188,810412,464,17924,17963,16282,16331
2018-08-31 14:56:28.580632, 102,662,8,189,749634,385,50948,50987,49300,49350
2018-08-31 14:56:32.191732, 102,663,9,190,646890,462,38148,38187,36494,36544
2018-08-31 14:56:35.208132, 102,664,10,191,717539,386,5892,5931,4233,4282
2018-08-31 14:56:38.827111, 102,665,11,192,808327,463,58884,58923,57218,57268
2018-08-31 14:56:41.836958, 102,666,12,193,749556,385,26372,26411,24701,24751
2018-08-31 14:56:45.463244, 102,667,13,194,650264,464,14084,14123,12407,12456
2018-08-31 14:56:48.472976, 102,668,14,195,715637,385,47108,47147,45425,45475
2018-08-31 14:56:52.092063, 102,669,15,196,808753,463,34564,34603,32875,32925
2018-08-31 14:56:53.065410, 107,670,20,102,10837613,7680,6916,6955,64695,64745
2018-08-31 14:56:53.153395, 103,671,20,108,10813568,7680,35588,35627,2037,2087
2018-08-31 14:56:54.172774, 109,672,20,104,10468758,7680,60420,60459,35477,35526
2018-08-31 14:56:54.230513, 108,673,36,103,10490498,7680,39684,39723,37318,37368
2018-08-31 14:56:55.101031, 102,674,0,197,749420,385,2052,2091,358,407
2018-08-31 14:56:58.728075, 102,675,1,198,649823,464,55300,55339,53599,53649
2018-08-31 14:57:01.737373, 102,676,2,199,715622,385,22788,22827,21082,21132
2018-08-31 14:57:05.349408, 102,677,3,200,807047,462,9988,10027,8276,8325
2018-08-31 14:57:06.103168, 112,678,24,61,317730,7680,31492,31531,33024,33074
2018-08-31 14:57:08.358946, 102,679,4,201,749260,385,43012,43051,41294,41344
2018-08-31 14:57:11.977845, 102,680,5,202,648634,463,30468,30507,28744,28794
2018-08-31 14:57:14.992428, 102,681,6,203,717414,386,63748,63787,62019,62069
2018-08-31 14:57:18.604914, 102,682,7,204,806756,462,50948,50987,49212,49262
2018-08-31 14:57:21.614561, 102,683,8,205,749120,385,18436,18475,16695,16745
2018-08-31 14:57:25.226033, 102,684,9,206,646850,462,5636,5675,3889,3939
2018-08-31 14:57:28.242787, 102,685,10,207,717393,386,38916,38955,37164,37213
2018-08-31 14:57:31.861813, 102,686,11,208,808310,463,26372,26411,24613,24663
2018-08-31 14:57:34.871500, 102,687,12,209,748997,385,59396,59435,57632,57682
2018-08-31 14:57:38.451813, 102,688,13,210,641901,458,45572,45611,43802,43851
2018-08-31 14:57:41.469240, 102,689,14,211,714353,386,13316,13355,11540,11590
2018-08-31 14:57:45.080649, 102,690,15,212,806545,462,516,555,64270,64320
2018-08-31 14:57:48.095737, 102,691,0,213,750761,386,33796,33835,32009,32058
2018-08-31 14:57:51.700033, 102,692,1,214,646203,461,20740,20779,18946,18996
2018-08-31 14:57:53.093775, 107,693,20,103,10859914,7680,6916,6955,64582,64632
2018-08-31 14:57:53.181523, 103,694,20,109,10816053,7680,35588,35627,1921,1971
2018-08-31 14:57:54.201716, 109,695,20,105,10469379,7680,60420,60459,35365,35414
2018-08-31 14:57:54.260674, 108,696,36,104,10491072,7680,39684,39723,37204,37254
2018-08-31 14:57:54.716501, 102,697,2,215,717240,386,54020,54059,52221,52271
2018-08-31 14:57:58.326992, 102,698,3,216,806743,462,41220,41259,39415,39464
2018-08-31 14:58:01.336864, 102,699,4,217,748625,385,8708,8747,6897,6947
2018-08-31 14:58:04.941147, 102,700,5,218,646604,461,61188,61227,59371,59421
2018-08-31 14:58:06.135257, 112,701,24,62,180989,7680,31492,31531,32913,32963
2018-08-31 14:58:07.951367, 102,702,6,219,715337,385,28676,28715,26854,26904
2018-08-31 14:58:11.560922, 102,703,7,220,806158,462,15876,15915,14048,14097
2018-08-31 14:58:14.571068, 102,704,8,221,748388,385,48900,48939,47066,47117
2018-08-31 14:58:18.174421, 102,705,9,222,646630,461,35844,35883,34004,34054
2018-08-31 14:58:21.191558, 102,706,10,223,717294,386,3588,3627,1743,1793
2018-08-31 14:58:24.787498, 102,707,11,224,802996,460,55812,55851,53960,54010
2018-08-31 14:58:27.797466, 102,708,12,225,748133,385,23300,23339,21443,21493
2018-08-31 14:58:31.422887, 102,709,13,226,650176,464,11012,11051,9149,9198
2018-08-31 14:58:34.432721, 102,710,14,227,715129,385,44036,44075,42167,42217
2018-08-31 14:58:38.059607, 102,711,15,228,809775,464,31748,31787,29873,29923
2018-08-31 14:58:41.068810, 102,712,0,229,747857,385,64772,64811,62892,62941
2018-08-31 14:58:44.686867, 102,713,1,230,648922,463,52228,52267,50341,50391
2018-08-31 14:58:47.705346, 102,714,2,231,717036,386,19972,20011,18080,18130
2018-08-31 14:58:51.307740, 102,715,3,232,804793,461,6916,6955,5018,5067
2018-08-31 14:58:53.124489, 107,716,20,104,10845868,7680,6916,6955,64469,64520
2018-08-31 14:58:53.209672, 103,717,20,110,10817625,7680,35588,35627,1805,1855
2018-08-31 14:58:54.234727, 109,718,20,106,10475395,7680,60420,60459,35253,35303
2018-08-31 14:58:54.290689, 108,719,36,105,10496440,7680,39684,39723,37090,37140
2018-08-31 14:58:54.324607, 102,720,4,233,749582,386,40196,40235,38292,38342
2018-08-31 14:58:57.946104, 102,721,5,234,648744,463,27652,27691,25742,25792
