2018-08-31 14:27:37.295621, make -k -j 20 z1-reset-sequence
2018-08-31 14:27:37.369271, make[1]: Entering directory `/home/user/contiki-master/examples/ipv6/multicast/simulations-bmrf-simple-contikiMAC-real'
2018-08-31 14:27:37.369364, ../../../../tools/zolertia/z1-bsl-nopic --z1 -c /dev/ttyUSB0 -r
2018-08-31 14:27:38.199567, Done
2018-08-31 14:27:38.199838, make[1]: Leaving directory `/home/user/contiki-master/examples/ipv6/multicast/simulations-bmrf-simple-contikiMAC-real'
2018-08-31 14:27:38.207541, ../../../../tools/sky/serialdump-linux -b115200 /dev/ttyUSB0
2018-08-31 14:27:38.874348, Rime started with address 100.0
2018-08-31 14:27:38.885016, MAC 64:00:00:00:00:00:00:00 Contiki 2.6 started. Node id is set to 100.
2018-08-31 14:27:38.893004, CSMA nullrdc, channel check rate 128 Hz, radio channel 16
2018-08-31 14:27:38.893068, Starting 'receiving messages from white motes'
2018-08-31 14:27:51.431178, 107,1,20,1,3291,8,28420,28461,43447,43497
2018-08-31 14:27:55.519870, 108,2,20,1,3248,8,28420,28461,46223,46273
2018-08-31 14:27:59.805475, 112,3,63,1,4215,9,28676,28717,55560,55609
2018-08-31 14:28:51.462584, 107,4,20,2,632785,7680,28420,28459,43331,43381
2018-08-31 14:28:53.337946, 102,5,6,1,14696370,7680,26372,26413,39201,39251
2018-08-31 14:28:55.550776, 108,6,20,2,414329,7680,28420,28459,46107,46157
2018-08-31 14:28:59.836939, 112,7,63,2,5744890,7680,28676,28715,55445,55495
2018-08-31 14:29:01.858235, 109,8,20,1,510746,7680,26372,26413,56123,56173
2018-08-31 14:29:02.396928, 103,9,20,1,328718,7680,26372,26412,8181,8231
2018-08-31 14:29:51.491943, 107,10,20,3,465793,7680,28420,28459,43217,43267
2018-08-31 14:29:53.368880, 102,11,6,2,14701480,7680,26372,26411,39093,39143
2018-08-31 14:29:55.580828, 108,12,20,3,196380,7680,28420,28459,45992,46042
2018-08-31 14:29:59.867394, 112,13,63,3,5468134,7680,28676,28715,55332,55382
2018-08-31 14:30:01.888646, 109,14,20,2,386578,7680,26372,26411,56009,56059
2018-08-31 14:30:02.424486, 103,15,20,2,188191,7680,26372,26411,8062,8112
2018-08-31 14:30:51.522991, 107,16,20,4,494743,7680,28420,28459,43102,43152
2018-08-31 14:30:53.399392, 102,17,6,3,14704785,7680,26372,26411,38986,39036
2018-08-31 14:30:53.484218, 102,18,0,4,21082,11,29188,29227,41802,41852
2018-08-31 14:30:53.617694, 107,19,16,5,16302,268,31492,31531,46170,46220
2018-08-31 14:30:53.703731, 109,20,16,3,299055,6629,19460,19499,49000,49050
2018-08-31 14:30:53.857001, 103,21,16,3,180741,6580,6916,6955,54041,54091
2018-08-31 14:30:53.960704, 108,22,16,4,202794,7469,39940,39979,57400,57449
2018-08-31 14:30:56.493218, 102,23,1,5,598501,385,62212,62251,9285,9334
2018-08-31 14:30:56.571229, 109,24,17,4,20499,367,47876,47915,11874,11924
2018-08-31 14:30:56.616858, 103,25,17,4,11049,353,31748,31787,13331,13381
2018-08-31 14:30:56.703199, 108,26,17,5,8455,351,64260,64299,16178,16228
2018-08-31 14:30:56.744202, 107,27,17,6,26568,400,2820,2859,17492,17542
2018-08-31 14:30:59.502947, 102,28,2,6,729495,385,29700,29739,42303,42353
2018-08-31 14:30:59.581242, 109,29,18,5,141519,385,15364,15403,44893,44943
2018-08-31 14:30:59.619181, 103,30,18,5,135911,384,64516,64555,46093,46143
2018-08-31 14:30:59.713745, 108,31,18,6,131127,385,31748,31787,49197,49246
2018-08-31 14:30:59.745673, 107,32,18,7,144435,384,35588,35627,50254,50304
2018-08-31 14:30:59.898360, 112,33,63,4,5471583,7680,28676,28715,55219,55269
2018-08-31 14:31:02.512250, 102,34,3,7,737017,385,62724,62763,9786,9836
2018-08-31 14:31:02.583006, 109,35,19,6,151859,384,48132,48171,12119,12169
2018-08-31 14:31:02.620044, 103,36,19,6,146737,384,31748,31787,13319,13369
2018-08-31 14:31:02.707060, 108,37,19,7,141262,383,64260,64299,16167,16217
2018-08-31 14:31:02.747539, 107,38,19,8,155846,384,2820,2859,17480,17530
2018-08-31 14:31:05.520829, 102,39,4,8,742833,385,30212,30251,42804,42854
2018-08-31 14:31:05.584012, 109,40,20,7,267941,384,15364,15403,44882,44931
2018-08-31 14:31:05.621087, 103,41,20,7,265396,384,64516,64555,46081,46131
2018-08-31 14:31:05.709233, 108,42,20,8,256666,384,31492,31531,48929,48979
2018-08-31 14:31:05.749673, 107,43,20,9,271250,384,35588,35627,50243,50292
2018-08-31 14:31:08.531920, 102,44,5,9,614117,385,63236,63275,10287,10337
2018-08-31 14:31:08.579653, 109,45,21,8,19053,383,47882,47922,11858,11908
2018-08-31 14:31:08.709132, 108,46,21,9,10234,384,64260,64299,16155,16205
2018-08-31 14:31:09.626495, 107,47,21,10,37013,496,31492,31531,46139,46189
2018-08-31 14:31:11.539092, 102,48,6,10,728345,385,30724,30763,43306,43355
2018-08-31 14:31:11.844005, 108,49,22,10,137766,401,35844,35883,53269,53319
2018-08-31 14:31:11.990644, 103,50,22,8,22346,815,11012,11051,58101,58151
2018-08-31 14:31:12.080510, 109,51,22,9,164484,448,31492,31531,60997,61047
2018-08-31 14:31:12.128026, 107,52,22,11,150850,320,47876,47915,62519,62568
2018-08-31 14:31:14.548612, 102,53,7,11,736122,385,63748,63787,10788,10838
2018-08-31 14:31:14.589894, 109,54,23,10,126206,321,48132,48171,12097,12146
2018-08-31 14:31:14.626267, 103,55,23,9,128733,337,31748,31787,13296,13346
2018-08-31 14:31:14.714193, 108,56,23,11,136020,367,64260,64299,16144,16194
2018-08-31 14:31:14.753352, 107,57,23,12,136230,336,2820,2859,17457,17507
2018-08-31 14:31:17.557719, 102,58,8,12,742820,385,31236,31275,43807,43857
2018-08-31 14:31:17.583168, 109,59,24,11,266738,383,15108,15147,44603,44653
2018-08-31 14:31:17.619669, 103,60,24,10,264647,383,64260,64299,45802,45852
2018-08-31 14:31:17.721608, 108,61,24,12,257798,385,31748,31787,49162,49212
2018-08-31 14:31:17.754270, 107,62,24,13,271467,384,35588,35627,50220,50269
2018-08-31 14:31:20.568410, 102,63,9,13,613324,385,64260,64299,11290,11339
2018-08-31 14:31:20.627460, 103,64,25,11,12839,385,31748,31787,13284,13334
2018-08-31 14:31:20.717082, 109,65,25,12,20798,401,52228,52267,16181,16231
2018-08-31 14:31:20.756285, 107,66,25,14,23839,384,2820,2859,17446,17496
2018-08-31 14:31:20.848728, 108,67,25,13,11738,400,3076,3115,20484,20534
2018-08-31 14:31:23.579883, 102,68,10,14,730165,385,31748,31787,44308,44358
2018-08-31 14:31:23.622072, 103,69,26,12,135140,383,64260,64299,45790,45841
2018-08-31 14:31:23.710646, 109,70,26,13,139881,383,19204,19243,48687,48737
2018-08-31 14:31:23.757170, 107,71,26,15,144554,384,35588,35627,50208,50258
2018-08-31 14:31:23.842840, 108,72,26,14,129780,383,35588,35627,52990,53040
2018-08-31 14:31:26.588120, 102,73,11,15,736624,385,64772,64811,11791,11841
2018-08-31 14:31:26.625013, 103,74,27,13,145875,384,31492,31531,13016,13067
2018-08-31 14:31:26.712924, 109,75,27,14,151091,384,51972,52011,15914,15964
2018-08-31 14:31:26.758853, 107,76,27,16,155137,384,2820,2859,17435,17484
2018-08-31 14:31:26.851796, 108,77,27,15,142496,385,3076,3115,20472,20522
2018-08-31 14:31:29.595192, 102,78,12,16,742721,385,32260,32299,44810,44859
2018-08-31 14:31:29.635604, 107,79,28,17,261663,368,31492,31531,46101,46151
2018-08-31 14:31:29.714599, 109,80,28,15,269560,384,19204,19243,48676,48726
2018-08-31 14:31:29.758564, 103,81,28,14,279090,401,3076,3115,50130,50181
2018-08-31 14:31:30.345673, 108,82,28,16,320829,447,51972,52011,3826,3875
2018-08-31 14:31:32.604711, 102,83,13,17,613525,385,65284,65323,12292,12342
2018-08-31 14:31:32.635711, 107,84,29,18,25134,384,64260,64299,13327,13377
2018-08-31 14:31:32.723690, 109,85,29,16,26896,385,52228,52267,16159,16208
2018-08-31 14:31:32.759141, 103,86,29,15,17993,384,35844,35883,17356,17406
2018-08-31 14:31:32.853279, 108,87,29,17,10196,321,3076,3115,20461,20511
2018-08-31 14:31:35.615334, 102,88,14,18,730887,385,32773,32812,45312,45362
2018-08-31 14:31:35.716500, 109,89,30,17,139933,383,19207,19246,48667,48717
2018-08-31 14:31:35.761904, 103,90,30,16,134615,384,3076,3115,50118,50168
2018-08-31 14:31:35.847983, 108,91,30,18,133523,383,35588,35627,52967,53017
2018-08-31 14:31:35.888245, 107,92,30,19,161272,416,39684,39723,54281,54331
2018-08-31 14:31:38.622438, 102,93,15,19,737073,385,260,299,12794,12843
2018-08-31 14:31:38.727506, 109,94,31,18,151168,385,52228,52267,16147,16197
2018-08-31 14:31:38.982426, 108,95,31,19,149970,401,7172,7211,24545,24595
2018-08-31 14:31:39.012920, 103,96,31,17,160431,416,44036,44075,25536,25586
2018-08-31 14:31:39.140780, 107,97,31,20,170010,416,15108,15147,29699,29748
2018-08-31 14:31:41.632874, 102,98,0,20,742928,385,33284,33323,45812,45862
2018-08-31 14:31:41.763405, 103,99,16,18,243645,352,3076,3115,50106,50156
2018-08-31 14:31:41.890835, 107,100,16,21,248818,352,39684,39723,54270,54319
2018-08-31 14:31:42.478753, 109,101,16,19,356810,480,44036,44075,7948,7998
2018-08-31 14:31:42.853318, 108,102,16,20,339169,495,2820,2859,20186,20236
2018-08-31 14:31:44.642334, 102,103,1,21,613550,385,772,811,13295,13345
2018-08-31 14:31:44.722214, 109,104,17,20,16182,287,51972,52011,15880,15930
2018-08-31 14:31:44.757482, 103,105,17,19,11585,383,35588,35627,17076,17126
2018-08-31 14:31:44.859224, 108,106,17,21,8611,257,3076,3115,20438,20488
2018-08-31 14:31:44.893435, 107,107,17,22,23654,384,6916,6955,21496,21545
2018-08-31 14:31:47.653435, 102,108,2,22,730327,385,33796,33835,46314,46363
2018-08-31 14:31:47.731297, 109,109,18,21,141085,385,19460,19499,48898,48948
2018-08-31 14:31:47.767262, 103,110,18,20,136244,385,3076,3115,50095,50145
2018-08-31 14:31:47.854558, 108,111,18,22,130384,383,35588,35627,52944,52995
2018-08-31 14:31:47.894354, 107,112,18,23,145231,384,39684,39723,54258,54308
2018-08-31 14:31:50.660478, 102,113,3,23,736419,385,1284,1323,13796,13846
2018-08-31 14:31:50.724892, 109,114,19,22,150524,383,51974,52013,15871,15920
2018-08-31 14:31:50.761070, 103,115,19,21,145552,383,35588,35626,17064,17114
2018-08-31 14:31:50.855960, 108,116,19,23,141677,384,2820,2859,20170,20220
2018-08-31 14:31:50.895206, 107,117,19,24,155455,384,6916,6955,21484,21534
2018-08-31 14:31:53.671151, 102,118,4,24,743038,385,34308,34347,46815,46865
2018-08-31 14:31:53.725839, 109,119,20,23,271141,384,19204,19243,48631,48681
2018-08-31 14:31:53.769982, 103,120,20,22,266143,385,3076,3115,50083,50133
2018-08-31 14:31:53.865678, 108,121,20,24,259165,385,35844,35883,53188,53238
2018-08-31 14:31:53.898895, 107,122,20,25,271624,384,39684,39723,54247,54296
2018-08-31 14:31:56.680443, 102,123,5,25,613598,385,1796,1835,14298,14348
2018-08-31 14:31:56.728848, 109,124,21,24,19171,384,51972,52011,15857,15907
2018-08-31 14:31:56.771488, 103,125,21,23,12300,384,35844,35883,17309,17359
2018-08-31 14:31:56.858328, 108,126,21,25,9975,383,2820,2859,20159,20208
2018-08-31 14:31:56.898349, 107,127,21,26,23357,384,6916,6955,21473,21522
2018-08-31 14:31:59.689678, 102,128,6,26,731263,385,34820,34859,47316,47367
2018-08-31 14:31:59.736343, 109,129,22,25,143282,385,19460,19499,48876,48926
2018-08-31 14:31:59.772896, 103,130,22,24,155667,384,3076,3115,50071,50121
2018-08-31 14:31:59.867821, 108,131,22,26,132737,385,35844,35883,53177,53227
2018-08-31 14:31:59.902114, 107,132,22,27,145111,384,39684,39723,54235,54286
2018-08-31 14:31:59.927984, 112,133,63,5,5487029,7680,28676,28715,55106,55156
2018-08-31 14:32:02.699129, 102,134,7,27,737041,385,2308,2347,14799,14850
2018-08-31 14:32:02.730363, 109,135,23,26,150658,383,51974,52019,15854,15903
2018-08-31 14:32:02.773732, 103,136,23,25,146682,384,35844,35883,17297,17347
2018-08-31 14:32:02.863272, 108,137,23,27,141110,383,2820,2859,20147,20197
2018-08-31 14:32:02.902325, 107,138,23,28,155358,384,6916,6955,21461,21512
2018-08-31 14:32:05.709401, 102,139,8,28,743237,385,35332,35371,47818,47867
2018-08-31 14:32:05.744620, 108,140,24,28,246815,369,31748,31787,49070,49119
2018-08-31 14:32:05.776569, 103,141,24,26,265316,384,3076,3115,50059,50109
2018-08-31 14:32:05.866345, 109,142,24,27,280803,401,23556,23595,52960,53010
2018-08-31 14:32:05.904171, 107,143,24,29,271603,384,39684,39723,54224,54274
2018-08-31 14:32:08.717728, 102,144,9,29,613676,385,2820,2859,15300,15350
2018-08-31 14:32:08.777395, 103,145,25,27,12344,384,35844,35883,17285,17335
2018-08-31 14:32:08.867920, 109,146,25,28,18644,384,56324,56363,20187,20237
2018-08-31 14:32:08.905179, 107,147,25,30,23268,384,6916,6955,21450,21500
2018-08-31 14:32:08.991015, 108,148,25,29,12977,415,6916,6955,24231,24281
2018-08-31 14:32:11.726268, 102,149,10,30,729736,385,35844,35883,48319,48369
2018-08-31 14:32:11.770516, 103,150,26,28,134912,383,2820,2859,49791,49841
2018-08-31 14:32:11.907012, 107,151,26,31,144245,384,39684,39723,54212,54262
2018-08-31 14:32:11.999790, 108,152,26,30,131966,385,39940,39979,57250,57299
2018-08-31 14:32:14.736629, 102,153,11,31,734856,385,3332,3371,15802,15851
2018-08-31 14:32:14.780420, 103,154,27,29,147128,385,35844,35883,17274,17323
2018-08-31 14:32:14.909417, 107,155,27,32,156030,384,6916,6955,21438,21488
2018-08-31 14:32:14.993959, 108,156,27,31,147628,383,6916,6955,24220,24270
2018-08-31 14:32:17.746667, 102,157,12,32,743350,385,36356,36395,48820,48870
2018-08-31 14:32:17.785121, 107,158,28,33,259975,368,35588,35627,50105,50155
2018-08-31 14:32:17.863479, 109,159,28,29,418999,1151,23300,23339,52682,52732
2018-08-31 14:32:17.900488, 103,160,28,30,276652,399,6916,6955,53875,53925
2018-08-31 14:32:17.994880, 108,161,28,32,262149,384,39684,39723,56982,57032
2018-08-31 14:32:20.755736, 102,162,13,33,612699,385,3844,3883,16303,16353
2018-08-31 14:32:20.786953, 107,163,29,34,43678,384,2820,2859,17331,17381
2018-08-31 14:32:20.871810, 109,164,29,30,19770,385,56324,56363,20164,20214
2018-08-31 14:32:20.908384, 103,165,29,31,13073,385,39940,39979,21358,21407
2018-08-31 14:32:21.003012, 108,166,29,33,13642,385,7172,7211,24464,24514
2018-08-31 14:32:23.765148, 102,167,14,34,730090,385,36868,36907,49322,49371
2018-08-31 14:32:23.865742, 109,168,30,31,139899,383,23300,23339,52670,52720
2018-08-31 14:32:23.910871, 103,169,30,32,134682,384,7172,7211,54120,54170
2018-08-31 14:32:23.998971, 108,170,30,34,131343,383,39684,39723,56971,57020
2018-08-31 14:32:24.038380, 107,171,30,35,160974,416,43780,43819,58285,58335
2018-08-31 14:32:26.773443, 102,172,15,35,737342,385,4356,4395,16804,16854
2018-08-31 14:32:26.873804, 109,173,31,32,152330,385,56324,56363,20153,20203
2018-08-31 14:32:26.903663, 103,174,31,33,145385,383,39684,39723,21090,21140
2018-08-31 14:32:27.007499, 108,175,31,35,142690,385,7172,7211,24453,24503
2018-08-31 14:32:27.039259, 107,176,31,36,155330,384,11012,11051,25511,25561
2018-08-31 14:32:29.782042, 102,177,0,36,743539,385,37380,37419,49823,49873
2018-08-31 14:32:29.868754, 109,178,16,33,266803,383,23300,23339,52659,52709
2018-08-31 14:32:29.914749, 103,179,16,34,265506,385,7172,7211,54108,54158
2018-08-31 14:32:30.000937, 108,180,16,36,256023,383,39684,39723,56959,57009
2018-08-31 14:32:30.041533, 107,181,16,37,271264,384,43780,43819,58274,58323
2018-08-31 14:32:32.790600, 102,182,1,37,613524,385,4868,4907,17306,17355
2018-08-31 14:32:32.878983, 109,183,17,34,20406,385,56324,56363,20142,20191
2018-08-31 14:32:32.915135, 103,184,17,35,12369,384,39940,39979,21334,21384
2018-08-31 14:32:33.009406, 108,185,17,37,11336,385,7172,7211,24441,24491
2018-08-31 14:32:33.041282, 107,186,17,38,24006,384,11012,11051,25500,25550
2018-08-31 14:32:35.801817, 102,187,2,38,730170,385,37892,37931,50324,50374
2018-08-31 14:32:35.880441, 109,188,18,35,140623,384,23556,23595,52904,52954
2018-08-31 14:32:35.914636, 103,189,18,36,135988,384,7172,7211,54096,54146
2018-08-31 14:32:36.004089, 108,190,18,38,129894,383,39690,39729,56954,57004
2018-08-31 14:32:36.042877, 107,191,18,39,144121,384,43780,43819,58262,58312
2018-08-31 14:32:38.811990, 102,192,3,39,737691,385,5380,5419,17807,17857
2018-08-31 14:32:38.881908, 109,193,19,36,151575,384,56324,56363,20130,20180
2018-08-31 14:32:38.916961, 103,194,19,37,150144,384,39940,39979,21322,21372
2018-08-31 14:32:39.012116, 108,195,19,39,142997,385,7172,7211,24430,24480
2018-08-31 14:32:39.044226, 107,196,19,40,156113,384,11012,11051,25488,25538
2018-08-31 14:32:41.820223, 102,197,4,40,743620,385,38404,38443,50826,50875
2018-08-31 14:32:41.883475, 109,198,20,37,267379,384,23556,23595,52893,52943
2018-08-31 14:32:41.918689, 103,199,20,38,265173,384,7172,7211,54084,54134
2018-08-31 14:32:42.006196, 108,200,20,40,256042,383,39684,39723,56936,56986
2018-08-31 14:32:42.046312, 107,201,20,41,271440,384,43780,43819,58251,58300
2018-08-31 14:32:44.830608, 102,202,5,41,612803,385,5892,5931,18308,18358
2018-08-31 14:32:44.876284, 109,203,21,38,18945,383,56068,56107,19863,19913
2018-08-31 14:32:44.914710, 103,204,21,39,11543,383,39684,39723,21055,21105
2018-08-31 14:32:45.007547, 108,205,21,41,10584,384,6916,6955,24162,24212
2018-08-31 14:32:45.048235, 107,206,21,42,23624,384,11012,11051,25477,25527
2018-08-31 14:32:47.837328, 102,207,6,42,729406,385,38916,38955,51327,51377
2018-08-31 14:32:47.885582, 109,208,22,39,142327,385,23556,23595,52881,52931
2018-08-31 14:32:47.922841, 103,209,22,40,137594,385,7172,7211,54073,54123
2018-08-31 14:32:48.010075, 108,210,22,42,151651,384,39690,39730,56931,56981
2018-08-31 14:32:48.050152, 107,211,22,43,145987,384,43780,43819,58239,58289
2018-08-31 14:32:50.848204, 102,212,7,43,736715,385,6404,6443,18810,18859
2018-08-31 14:32:50.878438, 109,213,23,40,150425,383,56068,56107,19852,19902
2018-08-31 14:32:50.925218, 103,214,23,41,146390,384,39940,39979,21299,21349
2018-08-31 14:32:51.009965, 108,215,23,43,141689,384,6916,6955,24151,24201
2018-08-31 14:32:51.050241, 107,216,23,44,155512,384,11012,11051,25466,25515
2018-08-31 14:32:53.856742, 102,217,8,44,743699,385,39428,39467,51828,51878
2018-08-31 14:32:53.895587, 108,218,24,44,246840,369,35844,35883,53074,53123
2018-08-31 14:32:53.925744, 103,219,24,42,265185,384,7172,7211,54061,54111
2018-08-31 14:32:54.013648, 109,220,24,41,280612,401,27652,27691,56966,57016
2018-08-31 14:32:54.052243, 107,221,24,45,271715,384,43780,43819,58228,58278
2018-08-31 14:32:56.866891, 102,222,9,45,613347,385,6916,6955,19311,19361
2018-08-31 14:32:56.927259, 103,223,25,43,12353,384,39940,39979,21287,21337
2018-08-31 14:32:57.007509, 109,224,25,42,17836,383,60164,60203,23936,23986
2018-08-31 14:32:57.053042, 107,225,25,46,23364,384,11012,11051,25454,25504
2018-08-31 14:32:57.138941, 108,226,25,45,10848,415,11012,11051,28235,28285
2018-08-31 14:32:59.875850, 102,227,10,46,730391,385,39940,39979,52330,52379
2018-08-31 14:32:59.920703, 103,228,26,44,134927,383,6916,6955,53793,53843
2018-08-31 14:32:59.957844, 112,229,63,6,5483673,7680,28676,28715,54994,55044
2018-08-31 14:33:00.018394, 109,230,26,43,141327,385,27652,27691,56955,57005
2018-08-31 14:33:00.056620, 107,231,26,47,144364,384,43780,43819,58217,58266
2018-08-31 14:33:00.150174, 108,232,26,46,130882,385,44036,44075,61254,61304
2018-08-31 14:33:02.884521, 102,233,11,47,737211,385,7428,7467,19812,19862
2018-08-31 14:33:02.929712, 103,234,27,45,146982,385,39940,39979,21276,21325
2018-08-31 14:33:03.012273, 109,235,27,44,150500,383,60164,60204,23925,23975
2018-08-31 14:33:03.056415, 107,236,27,48,155342,384,11012,11051,25443,25493
2018-08-31 14:33:03.143100, 108,237,27,47,141078,383,11014,11053,28226,28276
2018-08-31 14:33:05.895483, 102,238,12,48,743803,385,40452,40491,52831,52881
2018-08-31 14:33:05.933144, 107,239,28,49,259790,368,39684,39723,54109,54159
2018-08-31 14:33:06.021474, 109,240,28,45,267151,385,27652,27691,56943,56993
2018-08-31 14:33:06.055698, 103,241,28,46,277481,400,11268,11307,58133,58183
2018-08-31 14:33:06.150612, 108,242,28,48,257704,385,44036,44075,61242,61292
2018-08-31 14:33:08.904066, 102,243,13,49,613561,385,7940,7979,20314,20363
2018-08-31 14:33:08.933922, 107,244,29,50,24363,384,6916,6955,21336,21385
2018-08-31 14:33:09.019693, 109,245,29,46,19906,384,60420,60459,24170,24220
2018-08-31 14:33:09.058933, 103,246,29,47,12563,384,44036,44075,25360,25409
2018-08-31 14:33:09.144830, 108,247,29,49,10151,383,11012,11051,28213,28263
2018-08-31 14:33:11.912308, 102,248,14,50,729840,385,40964,41003,53332,53382
2018-08-31 14:33:12.015961, 109,249,30,47,139754,383,27396,27435,56676,56726
2018-08-31 14:33:12.059793, 103,250,30,48,134800,384,11268,11307,58122,58172
2018-08-31 14:33:12.147148, 108,251,30,50,129921,384,43780,43819,60975,61025
2018-08-31 14:33:12.186019, 107,252,30,51,157058,416,47876,47915,62290,62339
2018-08-31 14:33:14.922130, 102,253,15,51,736799,385,8452,8491,20815,20865
2018-08-31 14:33:15.024187, 109,254,31,48,151941,385,60420,60459,24159,24209
2018-08-31 14:33:15.061373, 103,255,31,49,146730,384,44036,44075,25348,25398
2018-08-31 14:33:15.148334, 108,256,31,51,142053,384,11016,11055,28206,28255
2018-08-31 14:33:15.188571, 107,257,31,52,155636,384,15108,15147,29516,29566
2018-08-31 14:33:17.932126, 102,258,0,52,743973,385,41476,41515,53834,53884
2018-08-31 14:33:18.017565, 109,259,16,49,266516,383,27396,27435,56665,56715
2018-08-31 14:33:18.054960, 103,260,16,50,264185,383,11012,11051,57854,57904
2018-08-31 14:33:18.150193, 108,261,16,52,256761,384,43780,43819,60964,61013
2018-08-31 14:33:18.189441, 107,262,16,53,271439,384,47876,47915,62278,62328
2018-08-31 14:33:20.941660, 102,263,1,53,613258,385,8964,9003,21317,21366
2018-08-31 14:33:21.026786, 109,264,17,50,20494,385,60420,60459,24147,24197
2018-08-31 14:33:21.064333, 103,265,17,51,13063,385,44036,44075,25336,25386
2018-08-31 14:33:21.160106, 108,266,17,53,11193,385,11268,11307,28446,28496
2018-08-31 14:33:21.191468, 107,267,17,54,23772,384,15108,15147,29505,29554
2018-08-31 14:33:23.950944, 102,268,2,54,730441,385,41988,42027,54335,54385
2018-08-31 14:33:24.022188, 109,269,18,51,139790,383,27396,27435,56654,56704
2018-08-31 14:33:24.064726, 103,270,18,52,135911,384,11268,11307,58098,58148
2018-08-31 14:33:24.153425, 108,271,18,54,129767,383,43780,43819,60952,61002
2018-08-31 14:33:24.193405, 107,272,18,55,144386,384,47876,47915,62267,62316
2018-08-31 14:33:26.959586, 102,273,3,55,737412,385,9476,9515,21818,21868
2018-08-31 14:33:27.030608, 109,274,19,52,152253,385,60420,60459,24136,24186
2018-08-31 14:33:27.066934, 103,275,19,53,146753,384,44036,44075,25324,25374
2018-08-31 14:33:27.154045, 108,276,19,55,141525,384,11012,11051,28179,28228
2018-08-31 14:33:27.193975, 107,277,19,56,156174,384,15108,15147,29493,29543
2018-08-31 14:33:29.968284, 102,278,4,56,744039,385,42500,42539,54837,54886
2018-08-31 14:33:30.024861, 109,279,20,53,266521,383,27396,27435,56643,56692
2018-08-31 14:33:30.069710, 103,280,20,54,265025,384,11268,11307,58087,58137
2018-08-31 14:33:30.155277, 108,281,20,56,256521,384,43780,43819,60941,60991
2018-08-31 14:33:30.196703, 107,282,20,57,271302,384,47876,47915,62255,62305
2018-08-31 14:33:32.978645, 102,283,5,57,612384,385,9988,10027,22319,22369
2018-08-31 14:33:33.034874, 109,284,21,54,20570,385,60420,60459,24125,24175
2018-08-31 14:33:33.063065, 103,285,21,55,10412,383,43780,43819,25057,25107
2018-08-31 14:33:33.163806, 108,286,21,57,11580,385,11268,11307,28423,28473
2018-08-31 14:33:33.197203, 107,287,21,58,23536,384,15108,15147,29482,29531
2018-08-31 14:33:35.988213, 102,288,6,58,729707,385,43012,43051,55338,55388
2018-08-31 14:33:36.036935, 109,289,22,55,140633,384,27652,27691,56887,56937
2018-08-31 14:33:36.071845, 103,290,22,56,136339,385,11268,11307,58075,58126
2018-08-31 14:33:36.157374, 108,291,22,58,129870,383,43780,43819,60930,60979
2018-08-31 14:33:36.197830, 107,292,22,59,144357,384,47876,47915,62244,62294
2018-08-31 14:33:38.996792, 102,293,7,59,736717,385,10500,10539,22821,22870
2018-08-31 14:33:39.073710, 103,294,23,57,146661,384,44036,44075,25301,25352
2018-08-31 14:33:39.154730, 109,295,23,56,156562,399,64260,64299,27953,28003
2018-08-31 14:33:39.199339, 107,296,23,60,156316,384,15108,15147,29470,29520
2018-08-31 14:33:39.292069, 108,297,23,59,149425,401,15364,15403,32508,32557
2018-08-31 14:33:42.007728, 102,298,8,60,744033,385,43524,43563,55839,55889
2018-08-31 14:33:42.045508, 108,299,24,60,235308,352,39940,39979,57078,57128
2018-08-31 14:33:42.077819, 103,300,24,58,265260,384,11268,11307,58063,58114
2018-08-31 14:33:42.162229, 109,301,24,57,268963,385,31748,31787,60972,61022
2018-08-31 14:33:42.200353, 107,302,24,61,271745,384,47876,47915,62233,62282
2018-08-31 14:33:45.016178, 102,303,9,61,613370,385,11012,11051,23322,23372
2018-08-31 14:33:45.076274, 103,304,25,59,12610,384,44036,44075,25289,25339
2018-08-31 14:33:45.157207, 109,305,25,58,17881,383,64260,64299,27942,27992
2018-08-31 14:33:45.204448, 107,306,25,62,24954,384,15108,15147,29459,29509
2018-08-31 14:33:45.287561, 108,307,25,61,11313,415,15108,15147,32240,32290
2018-08-31 14:33:48.024654, 102,308,10,62,730468,385,44036,44075,56341,56390
2018-08-31 14:33:48.078449, 103,309,26,60,136309,384,11268,11307,58052,58101
2018-08-31 14:33:48.167414, 109,310,26,59,141242,385,31748,31787,60961,61010
2018-08-31 14:33:48.205495, 107,311,26,63,145027,384,47876,47915,62221,62271
2018-08-31 14:33:48.296983, 108,312,26,62,130773,385,48132,48171,65259,65308
2018-08-31 14:33:51.035475, 102,313,11,63,737374,385,11524,11563,23823,23873
2018-08-31 14:33:51.079494, 103,314,27,61,148624,384,44036,44075,25278,25328
2018-08-31 14:33:51.160740, 109,315,27,60,150431,383,64260,64299,27931,27981
2018-08-31 14:33:51.206584, 107,316,27,64,155262,384,15108,15147,29448,29497
2018-08-31 14:33:51.292405, 108,317,27,63,141163,383,15108,15147,32229,32279
2018-08-31 14:33:54.044592, 102,318,12,64,744199,385,44548,44587,56842,56892
2018-08-31 14:33:54.082694, 107,319,28,65,259827,368,43780,43819,58114,58164
2018-08-31 14:33:54.169726, 109,320,28,61,268268,385,31748,31787,60949,60999
2018-08-31 14:33:54.331531, 103,321,28,62,307218,416,19460,19499,695,745
2018-08-31 14:33:54.425839, 108,322,28,64,268728,401,52228,52267,3807,3857
2018-08-31 14:33:57.055871, 102,323,13,65,612706,385,12036,12075,24325,24374
2018-08-31 14:33:57.085045, 107,324,29,66,24385,384,11012,11051,25341,25390
2018-08-31 14:33:57.163297, 109,325,29,62,21430,383,64262,64301,27922,27971
2018-08-31 14:33:57.206227, 103,326,29,63,12565,368,48132,48171,29362,29412
2018-08-31 14:33:57.297728, 108,327,29,65,9803,367,15108,15147,32218,32268
2018-08-31 14:33:59.987873, 112,328,63,7,5454749,7680,28676,28715,54882,54932
2018-08-31 14:34:00.063084, 102,329,14,66,729652,385,45060,45099,57343,57393
2018-08-31 14:34:00.173530, 109,330,30,63,141464,385,31748,31787,60938,60988
2018-08-31 14:34:00.208866, 103,331,30,64,134982,384,15364,15403,62124,62174
2018-08-31 14:34:00.302186, 108,332,30,66,131041,385,48132,48171,65236,65286
2018-08-31 14:34:00.334998, 107,333,30,67,156698,416,51972,52011,758,808
2018-08-31 14:34:03.072715, 102,334,15,67,736890,385,12548,12587,24826,24876
2018-08-31 14:34:03.174830, 109,335,31,64,151361,384,64516,64555,28164,28214
2018-08-31 14:34:03.210503, 103,336,31,65,146857,384,48132,48171,29350,29400
2018-08-31 14:34:03.297923, 108,337,31,67,141213,383,15108,15147,32206,32257
2018-08-31 14:34:03.337992, 107,338,31,68,155200,384,19204,19243,33521,33570
2018-08-31 14:34:06.081837, 102,339,0,68,744305,385,45572,45611,57845,57894
2018-08-31 14:34:06.212413, 103,340,16,66,265289,384,15364,15403,62112,62162
2018-08-31 14:34:06.307092, 108,341,16,68,258610,385,48132,48171,65224,65274
2018-08-31 14:34:06.339655, 107,342,16,69,271680,384,51972,52011,747,797
2018-08-31 14:34:06.543401, 109,343,16,65,300570,431,43780,43819,7422,7472
2018-08-31 14:34:09.091044, 102,344,1,69,612726,385,13060,13099,25327,25377
2018-08-31 14:34:09.177121, 109,345,17,66,16865,337,64516,64555,28153,28203
2018-08-31 14:34:09.213313, 103,346,17,67,12737,384,48132,48171,29338,29388
2018-08-31 14:34:09.308186, 108,347,17,69,11763,384,15364,15403,32451,32501
2018-08-31 14:34:09.340472, 107,348,17,70,24255,384,19204,19243,33509,33559
2018-08-31 14:34:12.100316, 102,349,2,70,729860,385,46084,46123,58346,58396
2018-08-31 14:34:12.170786, 109,350,18,67,139622,383,31492,31531,60660,60709
2018-08-31 14:34:12.214779, 103,351,18,68,136229,384,15364,15403,62101,62151
2018-08-31 14:34:12.302215, 108,352,18,70,129671,383,47876,47915,64957,65007
2018-08-31 14:34:12.342054, 107,353,18,71,145704,384,51972,52011,736,785
2018-08-31 14:34:15.109516, 102,354,3,71,737559,385,13572,13611,25829,25878
2018-08-31 14:34:15.180849, 109,355,19,68,152001,385,64516,64555,28142,28192
2018-08-31 14:34:15.217643, 103,356,19,69,148591,384,48132,48171,29327,29377
2018-08-31 14:34:15.311859, 108,357,19,71,147043,385,15364,15403,32439,32489
2018-08-31 14:34:15.344166, 107,358,19,72,157144,384,19204,19243,33498,33548
2018-08-31 14:34:18.119039, 102,359,4,72,744548,385,46596,46635,58847,58897
2018-08-31 14:34:18.173827, 109,360,20,69,266545,383,31492,31531,60648,60698
2018-08-31 14:34:18.217843, 103,361,20,70,265034,384,15364,15403,62089,62139
2018-08-31 14:34:18.304884, 108,362,20,72,256247,383,47876,47915,64946,64996
2018-08-31 14:34:18.345070, 107,363,20,73,271161,384,51972,52011,724,775
2018-08-31 14:34:21.128686, 102,364,5,73,612613,385,14084,14123,26330,26381
2018-08-31 14:34:21.183420, 109,365,21,70,20421,385,64516,64555,28131,28181
2018-08-31 14:34:21.219669, 103,366,21,71,12533,384,48132,48171,29315,29365
2018-08-31 14:34:21.314539, 108,367,21,73,11589,385,15364,15403,32428,32478
2018-08-31 14:34:21.346774, 107,368,21,74,24371,384,19204,19243,33487,33537
2018-08-31 14:34:24.137289, 102,369,6,74,730533,385,47108,47147,59349,59399
2018-08-31 14:34:24.185246, 109,370,22,71,140767,384,31748,31787,60893,60944
2018-08-31 14:34:24.221433, 103,371,22,72,136192,384,15364,15403,62077,62127
2018-08-31 14:34:24.308472, 108,372,22,74,129721,383,47876,47915,64934,64984
2018-08-31 14:34:24.348590, 107,373,22,75,144494,384,51972,52011,713,763
2018-08-31 14:34:27.146942, 102,374,7,75,737317,385,14596,14635,26831,26882
2018-08-31 14:34:27.186053, 109,375,23,72,151791,384,64516,64555,28119,28170
2018-08-31 14:34:27.222254, 103,376,23,73,146777,384,48132,48171,29304,29353
2018-08-31 14:34:27.318127, 108,377,23,75,142924,385,15364,15403,32417,32467
2018-08-31 14:34:27.350417, 107,378,23,76,156204,384,19204,19243,33475,33525
2018-08-31 14:34:30.156540, 102,379,8,76,744762,385,47620,47659,59850,59900
2018-08-31 14:34:30.187861, 109,380,24,73,267095,384,31748,31787,60882,60933
2018-08-31 14:34:30.224073, 103,381,24,74,265286,384,15364,15403,62066,62116
2018-08-31 14:34:30.311105, 108,382,24,76,256184,383,47876,47915,64923,64973
2018-08-31 14:34:30.351193, 107,383,24,77,271283,384,51972,52011,702,751
2018-08-31 14:34:33.166217, 102,384,9,77,612553,385,15108,15147,27333,27382
2018-08-31 14:34:33.218032, 103,385,25,75,11726,383,47876,47915,29036,29086
2018-08-31 14:34:33.353023, 107,386,25,78,23544,384,19204,19243,33464,33514
2018-08-31 14:34:33.445925, 108,387,25,77,12647,401,19460,19499,36501,36551
2018-08-31 14:34:36.174887, 102,388,10,78,728280,385,48132,48171,60351,60401
2018-08-31 14:34:36.226704, 103,389,26,76,136360,385,15364,15403,62054,62104
2018-08-31 14:34:36.354844, 107,390,26,79,145304,384,51972,52011,690,740
2018-08-31 14:34:36.439008, 108,391,26,78,136325,383,51972,52011,3472,3521
2018-08-31 14:34:39.184484, 102,392,11,79,735490,385,15620,15659,27834,27884
2018-08-31 14:34:39.317527, 109,393,27,74,57145,1168,3076,3115,32193,32242
2018-08-31 14:34:39.353693, 103,394,27,77,155966,400,52228,52267,33376,33426
2018-08-31 14:34:39.480875, 107,395,27,80,165712,400,23300,23339,37548,37598
2018-08-31 14:34:42.194129, 102,396,12,80,744936,385,48644,48683,60853,60902
2018-08-31 14:34:42.232278, 107,397,28,81,248456,352,47876,47915,62119,62169
2018-08-31 14:34:42.355535, 103,398,28,78,266625,384,19460,19499,602,652
2018-08-31 14:34:43.192805, 108,399,28,79,347194,864,11012,11051,28035,28085
2018-08-31 14:34:45.202820, 102,400,13,81,613189,385,16132,16171,28335,28385
2018-08-31 14:34:45.234175, 107,401,29,82,23555,384,15108,15147,29345,29395
2018-08-31 14:34:45.319287, 108,402,29,80,11936,272,15109,15154,32133,32183
2018-08-31 14:34:45.356403, 103,403,29,79,13063,384,52228,52267,33364,33414
2018-08-31 14:34:48.212459, 102,404,14,82,728085,385,49156,49195,61354,61404
2018-08-31 14:34:48.314177, 109,405,30,75,821344,1151,35588,35627,64688,64737
2018-08-31 14:34:48.358188, 103,406,30,80,136345,384,19460,19499,590,640
2018-08-31 14:34:48.445267, 108,407,30,81,141926,400,51972,52011,3449,3499
2018-08-31 14:34:48.485367, 107,408,30,83,158475,416,56068,56107,4763,4813
2018-08-31 14:34:51.222074, 102,409,15,83,736151,385,16644,16683,28837,28887
2018-08-31 14:34:51.323800, 109,410,31,76,152314,385,3076,3115,32170,32220
2018-08-31 14:34:51.454884, 108,411,31,82,142845,385,19460,19499,36467,36517
2018-08-31 14:34:52.362613, 107,412,31,84,208011,496,51972,52011,660,710
2018-08-31 14:34:54.230800, 102,413,0,84,745463,385,49668,49707,61855,61905
2018-08-31 14:34:54.317836, 109,414,16,77,266498,383,35588,35627,64676,64726
2018-08-31 14:34:54.447971, 108,415,16,83,256116,383,51972,52011,3437,3487
2018-08-31 14:34:55.364404, 107,416,16,85,279000,384,19204,19243,33422,33472
2018-08-31 14:34:57.240377, 102,417,1,85,613214,385,17156,17195,29338,29388
2018-08-31 14:34:57.362647, 103,418,17,81,438679,1152,52228,52267,33341,33391
2018-08-31 14:34:57.443840, 109,419,17,78,21384,400,6916,6955,35999,36048
2018-08-31 14:34:57.489782, 107,420,17,86,38226,272,23300,23339,37514,37564
2018-08-31 14:34:57.582710, 108,421,17,84,14849,401,23556,23595,40551,40601
2018-08-31 14:35:00.018241, 112,422,63,8,5467525,7680,28676,28715,54771,54820
2018-08-31 14:35:00.250106, 102,423,2,86,728743,385,50180,50219,62357,62407
2018-08-31 14:35:00.320463, 109,424,18,79,134362,368,35588,35627,64665,64715
2018-08-31 14:35:00.364496, 103,425,18,82,135438,384,19460,19499,567,617
2018-08-31 14:35:00.451563, 108,426,18,85,124586,367,51978,52017,3432,3481
2018-08-31 14:35:00.491652, 107,427,18,87,145017,384,56068,56107,4741,4790
2018-08-31 14:35:03.259676, 102,428,3,87,738229,385,17668,17707,29840,29889
2018-08-31 14:35:03.330137, 109,429,19,80,153617,385,3076,3115,32147,32197
2018-08-31 14:35:03.366306, 103,430,19,83,146965,384,52228,52267,33329,33379
2018-08-31 14:35:03.461181, 108,431,19,86,145086,385,19460,19499,36444,36494
2018-08-31 14:35:03.493478, 107,432,19,88,155659,384,23300,23339,37503,37553
2018-08-31 14:35:06.268309, 102,433,4,88,745938,385,50692,50731,62858,62908
2018-08-31 14:35:06.323106, 109,434,20,81,266474,383,35588,35627,64654,64704
2018-08-31 14:35:06.367142, 103,435,20,84,265820,384,19460,19499,556,605
2018-08-31 14:35:06.454191, 108,436,20,87,256184,383,51972,52011,3415,3464
2018-08-31 14:35:06.494281, 107,437,20,89,275636,384,56068,56107,4729,4779
2018-08-31 14:35:09.278003, 102,438,5,89,613636,385,18180,18219,30341,30391
2018-08-31 14:35:09.332783, 109,439,21,82,20536,385,3076,3115,32136,32186
2018-08-31 14:35:09.368974, 103,440,21,85,13040,384,52228,52267,33318,33367
2018-08-31 14:35:09.496096, 107,441,21,90,24233,384,23300,23339,37492,37541
2018-08-31 14:35:09.706405, 108,442,21,88,11574,416,27396,27435,44368,44418
2018-08-31 14:35:12.287622, 102,443,6,90,729957,385,51204,51243,63360,63409
2018-08-31 14:35:12.334567, 109,444,22,83,143106,384,35844,35883,64899,64948
2018-08-31 14:35:12.370801, 103,445,22,86,136226,384,19460,19499,544,594
2018-08-31 14:35:12.457798, 108,446,22,89,119268,352,51978,52017,3409,3459
2018-08-31 14:35:12.497919, 107,447,22,91,144338,384,56068,56107,4718,4768
2018-08-31 14:35:15.296268, 102,448,7,91,737650,385,18692,18731,30842,30892
2018-08-31 14:35:15.327652, 109,449,23,84,150330,383,2820,2859,31869,31919
2018-08-31 14:35:15.371594, 103,450,23,87,146926,384,52228,52267,33306,33356
2018-08-31 14:35:15.459639, 108,451,23,90,141684,384,19204,19243,36166,36215
2018-08-31 14:35:15.499718, 107,452,23,92,156311,384,23300,23339,37480,37530
2018-08-31 14:35:18.305940, 102,453,8,92,746345,385,51716,51755,63861,63911
2018-08-31 14:35:18.343122, 108,454,24,91,246781,369,48132,48171,65088,65138
2018-08-31 14:35:18.373380, 103,455,24,88,265548,384,19460,19499,532,582
2018-08-31 14:35:18.462420, 109,456,24,85,280123,401,39940,39979,3447,3497
2018-08-31 14:35:18.500547, 107,457,24,93,270888,384,56068,56107,4707,4756
2018-08-31 14:35:21.315587, 102,458,9,93,612192,385,19204,19243,31344,31393
2018-08-31 14:35:21.375222, 103,459,25,89,12781,384,52228,52267,33294,33344
2018-08-31 14:35:21.456398, 109,460,25,86,17862,383,6916,6955,35953,36003
2018-08-31 14:35:21.502346, 107,461,25,94,24052,384,23300,23339,37469,37519
2018-08-31 14:35:21.587443, 108,462,25,92,10808,415,23300,23339,40250,40300
2018-08-31 14:35:24.324201, 102,463,10,94,730127,385,52228,52267,64362,64412
2018-08-31 14:35:24.376063, 103,464,26,90,136582,384,19460,19499,521,570
2018-08-31 14:35:24.465062, 109,465,26,87,141315,385,39940,39979,3436,3485
2018-08-31 14:35:24.504228, 107,466,26,95,145204,384,56068,56107,4695,4745
2018-08-31 14:35:24.589276, 108,467,26,93,130017,384,56068,56107,7476,7526
2018-08-31 14:35:27.333870, 102,468,11,95,738359,385,19716,19755,31845,31895
2018-08-31 14:35:27.377885, 103,469,27,91,147069,384,52228,52267,33283,33333
2018-08-31 14:35:27.466853, 108,470,27,94,135622,368,19204,19243,36143,36193
2018-08-31 14:35:27.505038, 107,471,27,96,156085,384,23300,23339,37458,37507
2018-08-31 14:35:27.584211, 109,472,27,88,158162,399,11012,11051,40038,40087
2018-08-31 14:35:30.343515, 102,473,12,96,746705,385,52740,52779,64864,64914
2018-08-31 14:35:30.381626, 107,474,28,97,260302,368,51972,52011,588,638
2018-08-31 14:35:30.474549, 108,475,28,95,257608,385,52228,52267,3625,3675
2018-08-31 14:35:30.504872, 103,476,28,92,278065,400,23556,23595,4605,4654
2018-08-31 14:35:30.593882, 109,477,28,89,268062,385,44036,44075,7520,7570
2018-08-31 14:35:33.353124, 102,478,13,97,613285,385,20228,20267,32347,32396
2018-08-31 14:35:33.383462, 107,479,29,98,24417,384,19204,19243,33351,33400
2018-08-31 14:35:33.469543, 109,480,29,90,17963,368,7172,7211,36187,36236
2018-08-31 14:35:33.505690, 103,481,29,93,12798,384,56324,56363,37367,37417
2018-08-31 14:35:33.593766, 108,482,29,96,10619,399,23300,23339,40227,40277
2018-08-31 14:35:36.361792, 102,483,14,98,730341,385,53252,53291,65365,65415
2018-08-31 14:35:36.471334, 109,484,30,91,140681,384,39940,39979,3413,3463
2018-08-31 14:35:36.507562, 103,485,30,94,137302,384,23556,23595,4593,4643
2018-08-31 14:35:36.594570, 108,486,30,97,130211,384,56068,56107,7454,7503
2018-08-31 14:35:36.634718, 107,487,30,99,157741,416,60164,60203,8768,8818
2018-08-31 14:35:39.371412, 102,488,15,99,738688,385,20740,20779,32848,32898
2018-08-31 14:35:39.473115, 109,489,31,92,151359,384,7172,7211,36176,36225
2018-08-31 14:35:39.509346, 103,490,31,95,146770,384,56324,56363,37355,37405
2018-08-31 14:35:39.604251, 108,491,31,98,142627,385,23556,23595,40472,40522
2018-08-31 14:35:39.636474, 107,492,31,100,155312,384,27396,27435,41531,41580
2018-08-31 14:35:42.381116, 102,493,0,100,747179,385,53764,53803,331,380
2018-08-31 14:35:42.467126, 109,494,16,93,266365,383,39684,39723,3146,3196
2018-08-31 14:35:42.510190, 103,495,16,96,265831,384,23556,23595,4581,4631
2018-08-31 14:35:42.598219, 108,496,16,99,256032,383,56068,56107,7442,7492
2018-08-31 14:35:42.638314, 107,497,16,101,271760,384,60164,60203,8757,8807
2018-08-31 14:35:45.389723, 102,498,1,101,613699,385,21252,21291,33349,33399
2018-08-31 14:35:45.475809, 109,499,17,94,19973,385,7172,7211,36164,36214
2018-08-31 14:35:45.511980, 103,500,17,97,12658,384,56324,56363,37344,37393
2018-08-31 14:35:45.606849, 108,501,17,100,11185,385,23556,23595,40461,40510
2018-08-31 14:35:45.639147, 107,502,17,102,23031,384,27396,27435,41519,41569
2018-08-31 14:35:48.399343, 102,503,2,102,730561,385,54276,54315,832,882
2018-08-31 14:35:48.469803, 109,504,18,95,139743,383,39684,39723,3135,3184
2018-08-31 14:35:48.513827, 103,505,18,98,136589,384,23556,23595,4570,4620
2018-08-31 14:35:48.600837, 108,506,18,101,129914,383,56068,56107,7431,7481
2018-08-31 14:35:48.640949, 107,507,18,103,144855,384,60164,60203,8746,8795
2018-08-31 14:35:51.408984, 102,508,3,103,738114,385,21764,21803,33851,33900
2018-08-31 14:35:51.514595, 103,509,19,99,147237,384,56324,56363,37332,37383
2018-08-31 14:35:51.603661, 109,510,19,96,159945,401,11268,11307,40249,40298
2018-08-31 14:35:51.642823, 107,511,19,104,155518,384,27396,27435,41508,41558
2018-08-31 14:35:51.727861, 108,512,19,102,153422,400,27396,27435,44289,44339
2018-08-31 14:35:54.417661, 102,513,4,104,747669,385,54788,54827,1333,1383
2018-08-31 14:35:54.474434, 109,514,20,97,255908,367,39684,39723,3123,3173
2018-08-31 14:35:54.516446, 103,515,20,100,266038,384,23556,23595,4558,4609
2018-08-31 14:35:54.603507, 108,516,20,103,246236,368,56068,56107,7420,7469
2018-08-31 14:35:54.643606, 107,517,20,105,272137,384,60164,60203,8735,8784
2018-08-31 14:35:57.427334, 102,518,5,105,611990,385,22276,22315,34352,34402
2018-08-31 14:36:00.048638, 112,519,63,9,5495881,7680,28676,28715,54659,54709
2018-08-31 14:36:00.436943, 102,520,6,106,731797,385,55300,55339,1835,1884
2018-08-31 14:36:03.446591, 102,521,7,107,732317,385,22788,22827,34854,34903
2018-08-31 14:36:06.455181, 102,522,8,108,747880,385,55812,55851,2336,2386
2018-08-31 14:36:10.003783, 102,523,9,109,637451,454,40964,41003,53018,53068
2018-08-31 14:36:13.013432, 102,524,10,110,712973,385,8452,8491,20501,20550
2018-08-31 14:36:16.632427, 102,525,11,111,809855,463,61444,61483,7950,8000
2018-08-31 14:36:19.642038, 102,526,12,112,747734,385,28932,28971,40969,41019
2018-08-31 14:36:23.245436, 102,527,13,113,647622,461,15876,15915,27907,27956
2018-08-31 14:36:26.261907, 102,528,14,114,717953,386,49156,49195,61181,61231
2018-08-31 14:36:29.858427, 102,529,15,115,803941,460,35852,35891,47871,47920
2018-08-31 14:36:32.874886, 102,530,0,116,750073,386,3588,3627,15602,15651
2018-08-31 14:36:36.493840, 102,531,1,117,650342,463,56580,56619,3051,3101
2018-08-31 14:36:39.503563, 102,532,2,118,716170,385,24068,24107,36070,36120
2018-08-31 14:36:43.122533, 102,533,3,119,809821,463,11524,11563,23520,23569
2018-08-31 14:36:46.132109, 102,534,4,120,748396,385,44548,44587,56539,56589
2018-08-31 14:36:49.751190, 102,535,5,121,650354,463,32004,32043,43988,44039
2018-08-31 14:36:52.759831, 102,536,6,122,715990,385,65028,65067,11471,11521
2018-08-31 14:36:54.502826, 109,537,20,98,9474121,7680,39684,39723,3011,3060
2018-08-31 14:36:54.546808, 103,538,20,101,9789508,7680,23556,23595,4442,4492
2018-08-31 14:36:54.633904, 108,539,20,104,9318726,7680,56068,56107,7306,7356
2018-08-31 14:36:54.673993, 107,540,20,106,9799323,7680,60164,60203,8621,8671
2018-08-31 14:36:56.370994, 102,541,7,123,808270,462,52228,52267,64201,64250
2018-08-31 14:36:59.388445, 102,542,8,124,750751,386,19972,20011,31939,31989
2018-08-31 14:37:00.079046, 112,543,63,10,5904394,7680,28676,28715,54548,54598
2018-08-31 14:37:03.015250, 102,544,9,125,651422,464,7684,7723,19645,19694
2018-08-31 14:37:06.024893, 102,545,10,126,715957,385,40708,40747,52664,52713
2018-08-31 14:37:09.643903, 102,546,11,127,810089,463,28164,28203,40113,40163
2018-08-31 14:37:12.653530, 102,547,12,128,749060,385,61188,61227,7596,7646
2018-08-31 14:37:16.264728, 102,548,13,129,648886,462,48388,48427,60326,60375
2018-08-31 14:37:19.281211, 102,549,14,130,718227,386,16132,16171,28064,28114
2018-08-31 14:37:22.907984, 102,550,15,131,811650,464,3844,3883,15770,15819
2018-08-31 14:37:25.917655, 102,551,0,132,749359,385,36868,36907,48789,48838
2018-08-31 14:37:29.528802, 102,552,1,133,648513,462,24068,24107,35982,36032
2018-08-31 14:37:32.538499, 102,553,2,134,716545,385,57092,57131,3465,3515
2018-08-31 14:37:36.133996, 102,554,3,135,804029,460,43788,43827,55690,55740
2018-08-31 14:37:39.150492, 102,555,4,136,751647,386,11524,11563,23421,23471
2018-08-31 14:37:42.778264, 102,556,5,137,651385,464,64772,64811,11127,11177
2018-08-31 14:37:45.786933, 102,557,6,138,716234,385,32260,32299,44146,44195
2018-08-31 14:37:49.405922, 102,558,7,139,810281,463,19716,19755,31595,31645
2018-08-31 14:37:52.415540, 102,559,8,140,750120,385,52740,52779,64614,64664
2018-08-31 14:37:54.533147, 109,560,20,99,10440923,7680,39684,39723,2898,2948
2018-08-31 14:37:54.577147, 103,561,20,102,10829284,7680,23556,23595,4326,4376
2018-08-31 14:37:54.666152, 108,562,20,105,10474917,7680,56068,56107,7193,7243
2018-08-31 14:37:54.706273, 107,563,20,107,10789803,7680,60164,60203,8509,8558
2018-08-31 14:37:56.042377, 102,564,9,141,650611,464,40452,40491,52320,52369
2018-08-31 14:37:59.059873, 102,565,10,142,718549,386,8196,8235,20058,20108
2018-08-31 14:38:00.109325, 112,566,63,11,5764612,7680,28676,28715,54437,54487
2018-08-31 14:38:02.671001, 102,567,11,143,808468,462,60932,60971,7252,7302
2018-08-31 14:38:05.679736, 102,568,12,144,750525,385,28420,28459,40271,40320
2018-08-31 14:38:09.314294, 102,569,13,145,652504,465,16388,16427,28232,28282
2018-08-31 14:38:12.323980, 102,570,14,146,716648,385,49412,49451,61251,61301
2018-08-31 14:38:15.942975, 102,571,15,147,809655,463,36868,36907,48701,48750
2018-08-31 14:38:18.952585, 102,572,0,148,750862,385,4356,4395,16183,16233
2018-08-31 14:38:22.571756, 102,573,1,149,649609,463,57348,57387,3633,3683
2018-08-31 14:38:25.580226, 102,574,2,150,716535,385,24836,24875,36652,36701
2018-08-31 14:38:29.184133, 102,575,3,151,806469,461,11780,11819,23590,23639
2018-08-31 14:38:32.201046, 102,576,4,152,753057,386,45060,45099,56864,56914
2018-08-31 14:38:35.819985, 102,577,5,153,649738,463,32516,32555,44314,44364
2018-08-31 14:38:38.829693, 102,578,6,154,716645,385,6,45,11798,11848
2018-08-31 14:38:42.432632, 102,579,7,155,806422,461,52484,52523,64270,64320
2018-08-31 14:38:45.441993, 102,580,8,156,751513,385,19972,20011,31753,31803
2018-08-31 14:38:49.076636, 102,581,9,157,652034,465,7940,7979,19715,19764
2018-08-31 14:38:52.094539, 102,582,10,158,718807,386,41220,41259,52989,53039
2018-08-31 14:38:54.565193, 109,583,20,100,10424779,7680,39684,39723,2786,2836
2018-08-31 14:38:54.607273, 103,584,20,103,10832964,7680,23556,23595,4211,4260
2018-08-31 14:38:54.696293, 108,585,20,106,10489029,7680,56068,56107,7081,7130
2018-08-31 14:38:54.736381, 107,586,20,108,10801356,7680,60164,60203,8396,8446
2018-08-31 14:38:55.705782, 102,587,11,159,808413,462,28420,28459,40183,40233
2018-08-31 14:38:58.714320, 102,588,12,160,751876,385,61444,61483,7666,7715
2018-08-31 14:39:00.139639, 112,589,63,12,5918251,7680,28676,28715,54326,54376
2018-08-31 14:39:02.325658, 102,590,13,161,648785,462,48644,48683,60395,60445
2018-08-31 14:39:05.335665, 102,591,14,162,716906,385,16132,16171,27878,27928
2018-08-31 14:39:08.946750, 102,592,15,163,808414,462,3332,3371,15072,15121
2018-08-31 14:39:11.963192, 102,593,0,164,754094,386,36612,36651,48346,48397
2018-08-31 14:39:15.566759, 102,594,1,165,646967,461,23556,23595,35284,35335
2018-08-31 14:39:18.584180, 102,595,2,166,718720,386,56836,56875,3023,3073
2018-08-31 14:39:22.187565, 102,596,3,167,806307,461,43780,43819,55497,55546
2018-08-31 14:39:25.204527, 102,597,4,168,754459,386,11524,11563,23235,23285
2018-08-31 14:39:28.815650, 102,598,5,169,648540,462,64260,64299,10429,10479
2018-08-31 14:39:31.829037, 102,599,6,170,716665,385,31748,31787,43448,43497
2018-08-31 14:39:35.428812, 102,600,7,171,807038,461,18692,18731,30385,30435
2018-08-31 14:39:38.445978, 102,601,8,172,754799,386,51972,52011,63660,63710
2018-08-31 14:39:42.064949, 102,602,9,173,649396,463,39428,39467,51110,51159
2018-08-31 14:39:45.074622, 102,603,10,174,716034,385,6916,6955,18592,18642
2018-08-31 14:39:48.685755, 102,604,11,175,808550,462,59652,59691,5786,5836
2018-08-31 14:39:51.702406, 102,605,12,176,755114,386,27396,27435,39061,39110
2018-08-31 14:39:54.594243, 109,606,20,101,10432647,7680,39684,39723,2674,2723
2018-08-31 14:39:54.637238, 103,607,20,104,10829547,7680,23556,23595,4095,4145
2018-08-31 14:39:54.725250, 108,608,20,107,10481893,7680,56068,56107,6967,7017
2018-08-31 14:39:54.765381, 107,609,20,109,10788901,7680,60164,60203,8283,8333
2018-08-31 14:39:55.321382, 102,610,13,177,649796,463,14852,14891,26511,26560
2018-08-31 14:39:58.331155, 102,611,14,178,717155,385,47876,47915,59529,59579
2018-08-31 14:40:00.170234, 112,612,63,13,5798809,7680,28676,28715,54215,54265
2018-08-31 14:40:01.958247, 102,613,15,179,812025,464,35588,35627,47235,47285
2018-08-31 14:40:04.966874, 102,614,0,180,753373,385,3076,3115,14718,14767
2018-08-31 14:40:08.594050, 102,615,1,181,651066,464,56324,56363,2423,2473
2018-08-31 14:40:11.603722, 102,616,2,182,717087,385,23812,23851,35442,35492
2018-08-31 14:40:15.214157, 102,617,3,183,808746,462,11012,11051,22636,22685
2018-08-31 14:40:18.223826, 102,618,4,184,753688,385,44036,44075,55654,55704
2018-08-31 14:40:21.835248, 102,619,5,185,648034,462,31236,31275,42848,42898
2018-08-31 14:40:24.844932, 102,620,6,186,717265,385,64260,64299,10331,10381
2018-08-31 14:40:28.448233, 102,621,7,187,806724,461,51204,51243,62805,62854
2018-08-31 14:40:31.464724, 102,622,8,188,755821,386,18948,18987,30543,30593
2018-08-31 14:40:35.084365, 102,623,9,189,649791,463,6404,6443,17993,18043
2018-08-31 14:40:38.093202, 102,624,10,190,717134,385,39428,39467,51012,51061
2018-08-31 14:40:41.705100, 102,625,11,191,808470,462,26628,26667,38205,38255
2018-08-31 14:40:44.714161, 102,626,12,192,754090,385,59652,59691,5688,5738
2018-08-31 14:40:48.317662, 102,627,13,193,646918,461,46596,46635,58162,58212
2018-08-31 14:40:51.326574, 102,628,14,194,717017,385,14084,14123,25645,25694
2018-08-31 14:40:54.624488, 109,629,20,102,10425161,7680,39684,39723,2561,2611
2018-08-31 14:40:54.667522, 103,630,20,105,10833178,7680,23556,23595,3980,4029
2018-08-31 14:40:54.755557, 108,631,20,108,10490620,7680,56068,56107,6854,6904
2018-08-31 14:40:54.795653, 107,632,20,110,10799419,7680,60164,60203,8170,8220
2018-08-31 14:40:54.953140, 102,633,15,195,812392,464,1796,1835,13350,13400
2018-08-31 14:40:57.962599, 102,634,0,196,754287,385,34820,34859,46369,46419
2018-08-31 14:41:00.201719, 112,635,63,14,5811914,7680,28676,28715,54104,54153
2018-08-31 14:41:01.582123, 102,636,1,197,649490,463,22276,22315,33819,33868
2018-08-31 14:41:04.591138, 102,637,2,198,717327,385,55300,55339,1302,1351
2018-08-31 14:41:08.226252, 102,638,3,199,813702,465,43268,43307,54799,54849
2018-08-31 14:41:11.242726, 102,639,4,200,756429,386,11012,11051,22538,22588
2018-08-31 14:41:14.861966, 102,640,5,201,649242,463,64004,64043,9988,10037
2018-08-31 14:41:17.874054, 102,641,6,202,716956,385,31492,31531,43006,43056
2018-08-31 14:41:21.490209, 102,642,7,203,810544,463,18948,18987,30456,30506
2018-08-31 14:41:24.499649, 102,643,8,204,754600,385,51972,52011,63475,63524
2018-08-31 14:41:28.103264, 102,644,9,205,645949,461,38916,38955,50412,50462
2018-08-31 14:41:31.112959, 102,645,10,206,717245,385,6404,6443,17895,17945
2018-08-31 14:41:34.723487, 102,646,11,207,808759,462,59140,59179,5089,5139
2018-08-31 14:41:37.732727, 102,647,12,208,754738,385,26628,26667,38108,38158
2018-08-31 14:41:41.344046, 102,648,13,209,648382,462,13828,13867,25301,25352
2018-08-31 14:41:44.354012, 102,649,14,210,717094,385,46852,46891,58320,58371
2018-08-31 14:41:47.973021, 102,650,15,211,810689,463,34308,34347,45770,45819
2018-08-31 14:41:50.982578, 102,651,0,212,754855,385,1796,1835,13253,13302
2018-08-31 14:41:54.585230, 102,652,1,213,646753,461,54276,54315,190,240
2018-08-31 14:41:54.654521, 109,653,20,103,10442283,7680,39684,39723,2449,2499
2018-08-31 14:41:54.699471, 103,654,20,106,10831396,7680,23556,23595,3864,3914
2018-08-31 14:41:54.785622, 108,655,20,109,10490343,7680,56068,56107,6741,6790
2018-08-31 14:41:54.825691, 107,656,20,111,10788410,7680,60164,60203,8057,8107
2018-08-31 14:41:57.595051, 102,657,2,214,716879,385,21764,21803,33209,33259
2018-08-31 14:42:00.230227, 112,658,63,15,5776379,7680,28676,28715,53993,54042
2018-08-31 14:42:01.214199, 102,659,3,215,810368,463,9220,9259,20659,20708
2018-08-31 14:42:04.223395, 102,660,4,216,754998,385,42244,42283,53678,53727
2018-08-31 14:42:07.841198, 102,661,5,217,649874,463,29700,29739,41127,41177
2018-08-31 14:42:10.850206, 102,662,6,218,716901,385,62724,62763,8610,8660
2018-08-31 14:42:14.462681, 102,663,7,219,808892,462,49924,49963,61340,61389
2018-08-31 14:42:17.478627, 102,664,8,220,757029,386,17668,17707,29078,29128
2018-08-31 14:42:21.106120, 102,665,9,221,650450,464,5380,5419,16784,16834
2018-08-31 14:42:24.115770, 102,666,10,222,717769,385,38404,38443,49803,49853
2018-08-31 14:42:27.719360, 102,667,11,223,807046,461,25348,25387,36741,36790
2018-08-31 14:42:30.728700, 102,668,12,224,755189,385,58372,58411,4223,4273
2018-08-31 14:42:34.331960, 102,669,13,225,647035,461,45316,45355,56697,56747
2018-08-31 14:42:37.339464, 102,670,14,226,716911,385,12804,12843,24180,24230
2018-08-31 14:42:40.944423, 102,671,15,227,807088,461,65284,65323,11118,11167
