2018-08-31 14:59:53.905562, make -k -j 20 z1-reset-sequence
2018-08-31 14:59:53.983590, make[1]: Entering directory `/home/user/contiki-master/examples/ipv6/multicast/simulations-bmrf-simple-contikiMAC-real'
2018-08-31 14:59:53.983672, ../../../../tools/zolertia/z1-bsl-nopic --z1 -c /dev/ttyUSB0 -r
2018-08-31 14:59:54.836244, Done
2018-08-31 14:59:54.836470, make[1]: Leaving directory `/home/user/contiki-master/examples/ipv6/multicast/simulations-bmrf-simple-contikiMAC-real'
2018-08-31 14:59:54.843908, ../../../../tools/sky/serialdump-linux -b115200 /dev/ttyUSB0
2018-08-31 14:59:55.490753, Rime started with address 100.0
2018-08-31 14:59:55.498775, MAC 64:00:00:00:00:00:00:00 Contiki 2.6 started. Node id is set to 100.
2018-08-31 14:59:55.510621, CSMA nullrdc, channel check rate 128 Hz, radio channel 16
2018-08-31 14:59:55.510711, Starting 'receiving messages from white motes'
2018-08-31 15:00:06.162868, 107,1,20,1,3385,8,28420,28461,47227,47277
2018-08-31 15:00:12.151104, 103,2,20,1,3242,8,28420,28460,46759,46809
2018-08-31 15:00:37.487691, 109,3,20,1,510826,7680,26372,26413,24483,24533
2018-08-31 15:00:45.127382, 108,4,36,1,368835,7680,26372,26413,12559,12609
2018-08-31 15:01:01.279699, 102,5,8,1,12189213,7680,26372,26413,17281,17331
2018-08-31 15:01:03.272214, 112,6,24,1,514533,7680,26372,26413,16937,16987
2018-08-31 15:01:06.192025, 107,7,20,2,592366,7680,28420,28459,47112,47162
2018-08-31 15:01:12.183618, 103,8,20,2,366884,7680,28420,28459,46641,46691
2018-08-31 15:01:37.517466, 109,9,20,2,478083,7680,26372,26411,24369,24419
2018-08-31 15:01:45.157768, 108,10,36,2,267449,7680,26372,26411,12443,12493
2018-08-31 15:02:01.311547, 102,11,8,2,12192482,7680,26372,26411,17173,17223
2018-08-31 15:02:03.300619, 112,12,24,2,353193,7680,26372,26411,16824,16874
2018-08-31 15:02:06.224012, 107,13,20,3,477693,7680,28420,28459,46999,47048
2018-08-31 15:02:12.212901, 103,14,20,3,226740,7680,28420,28459,46525,46575
2018-08-31 15:02:37.547022, 109,15,20,3,435458,7680,26372,26411,24258,24307
2018-08-31 15:02:45.188490, 108,16,36,3,289112,7680,26372,26411,12329,12379
2018-08-31 15:03:01.342147, 102,17,8,3,12193937,7680,26372,26411,17068,17118
2018-08-31 15:03:01.427217, 102,18,0,4,17854,11,29188,29227,19884,19933
2018-08-31 15:03:01.454670, 103,19,16,4,166049,6300,2820,2859,20829,20879
2018-08-31 15:03:01.590430, 109,20,16,4,159973,3076,27396,27435,25237,25287
2018-08-31 15:03:01.844473, 107,21,16,4,414318,7116,15108,15147,33582,33632
2018-08-31 15:03:02.101223, 108,22,16,4,67550,2164,56068,56107,41993,42043
2018-08-31 15:03:02.493436, 112,23,32,3,209202,7573,64516,64555,54858,54908
2018-08-31 15:03:04.436515, 102,24,1,5,597341,385,62212,62251,52902,52952
2018-08-31 15:03:04.467193, 109,25,17,5,43901,368,56068,56107,53903,53953
2018-08-31 15:03:04.494207, 112,26,33,4,7007,256,64516,64555,54855,54905
2018-08-31 15:03:04.590538, 103,27,17,5,18135,401,39940,39979,57943,57993
2018-08-31 15:03:04.721045, 107,28,17,5,23877,368,43780,43819,62249,62299
2018-08-31 15:03:07.444685, 102,29,2,6,728373,385,29700,29739,20385,20435
2018-08-31 15:03:07.583842, 103,30,18,6,132626,383,6916,6955,24914,24963
2018-08-31 15:03:07.717675, 109,31,18,6,157725,416,31492,31531,29321,29371
2018-08-31 15:03:07.746878, 112,32,34,5,148264,416,39940,39979,30273,30323
2018-08-31 15:03:07.847159, 107,33,18,6,159673,400,15108,15147,33571,33621
2018-08-31 15:03:10.454785, 102,34,3,7,735644,385,62724,62763,53404,53453
2018-08-31 15:03:11.586476, 103,35,19,7,200188,512,6916,6955,24906,24956
2018-08-31 15:03:11.725705, 107,36,19,7,217814,496,11012,11051,29467,29517
2018-08-31 15:03:11.846090, 109,37,19,7,221741,528,35588,35627,33410,33460
2018-08-31 15:03:11.867305, 112,38,35,6,203775,527,43786,43825,34111,34161
2018-08-31 15:03:13.465318, 102,39,4,8,746100,385,30212,30251,20887,20936
2018-08-31 15:03:14.586880, 103,40,20,8,270143,384,39684,39723,57668,57718
2018-08-31 15:03:14.722943, 109,41,20,8,268100,368,64260,64299,62076,62126
2018-08-31 15:03:14.850353, 107,42,20,8,290495,400,47876,47915,790,839
2018-08-31 15:03:14.877239, 112,43,36,7,270172,385,11268,11307,1587,1637
2018-08-31 15:03:16.473123, 102,44,5,9,588918,385,63236,63275,53905,53955
2018-08-31 15:03:16.983861, 108,45,21,5,62444,1904,19204,19243,5101,5151
2018-08-31 15:03:17.096770, 103,46,21,9,14260,321,56324,56363,8767,8817
2018-08-31 15:03:17.226709, 107,47,21,9,22121,304,60164,60203,13073,13123
2018-08-31 15:03:17.348532, 109,48,21,9,27427,336,19204,19243,17016,17065
2018-08-31 15:03:17.369460, 112,49,37,8,8342,319,27396,27435,17711,17761
2018-08-31 15:03:19.481340, 102,50,6,10,720125,385,30724,30763,21388,21438
2018-08-31 15:03:19.599429, 109,51,22,10,109199,288,27396,27435,25203,25253
2018-08-31 15:03:19.714522, 103,52,22,10,117555,335,11012,11051,28986,29036
2018-08-31 15:03:19.743945, 112,53,38,9,108121,304,39684,39723,29994,30044
2018-08-31 15:03:19.979222, 107,54,22,10,133454,352,19204,19243,37644,37694
2018-08-31 15:03:20.110988, 108,55,22,6,137011,400,56068,56107,41959,42009
2018-08-31 15:03:22.491861, 102,56,7,11,738356,385,63748,63787,54407,54456
2018-08-31 15:03:22.591824, 103,57,23,11,139245,368,39684,39723,57653,57702
2018-08-31 15:03:22.732226, 107,58,23,11,142428,352,43780,43819,62215,62265
2018-08-31 15:03:22.850440, 109,59,23,11,171531,416,2820,2859,621,671
2018-08-31 15:03:22.986903, 108,60,23,7,137088,368,19204,19243,5090,5139
2018-08-31 15:03:23.122645, 112,61,39,10,187087,432,19204,19243,9508,9558
2018-08-31 15:03:25.501078, 102,62,8,12,747135,385,31236,31275,21889,21939
2018-08-31 15:03:25.601309, 103,63,24,12,261374,385,7172,7211,25135,25184
2018-08-31 15:03:25.734764, 109,64,24,12,261415,369,31748,31787,29544,29594
2018-08-31 15:03:25.858086, 107,65,24,12,283781,400,15108,15147,33537,33587
2018-08-31 15:03:26.988314, 108,66,24,8,341167,512,19204,19243,5082,5133
2018-08-31 15:03:27.249117, 112,67,40,11,370002,528,23300,23339,13596,13646
2018-08-31 15:03:28.511430, 102,68,9,13,608958,385,64260,64299,54908,54958
2018-08-31 15:03:28.594441, 103,69,25,13,14015,383,39684,39723,57641,57691
2018-08-31 15:03:28.729494, 109,70,25,13,29364,383,64260,64299,62050,62100
2018-08-31 15:03:28.858160, 107,71,25,13,35851,384,47876,47915,763,813
2018-08-31 15:03:28.873777, 112,72,41,12,6105,208,11012,11051,1305,1355
2018-08-31 15:03:31.521781, 102,73,10,14,729086,385,31748,31787,22391,22441
2018-08-31 15:03:31.595263, 103,74,26,14,132944,384,6918,6957,24869,24919
2018-08-31 15:03:31.859594, 107,75,26,14,156533,384,15108,15147,33526,33575
2018-08-31 15:03:31.981891, 109,76,26,14,161619,416,39684,39723,37468,37518
2018-08-31 15:03:34.134847, 112,77,42,13,239209,673,52228,52267,42512,42562
2018-08-31 15:03:34.530029, 102,78,11,15,735941,385,64772,64811,55410,55459
2018-08-31 15:03:34.618629, 108,79,27,9,33644,976,6916,6955,58316,58365
2018-08-31 15:03:34.722055, 103,80,27,15,161459,400,43780,43819,61725,61775
2018-08-31 15:03:34.861489, 107,81,27,15,163709,384,47876,47915,752,802
2018-08-31 15:03:34.981580, 109,82,27,15,160363,384,6916,6955,4695,4745
2018-08-31 15:03:35.010381, 112,83,43,14,44406,112,15364,15403,5646,5696
2018-08-31 15:03:37.539486, 102,84,12,16,747252,385,32260,32299,22892,22942
2018-08-31 15:03:37.607085, 103,85,28,16,252820,369,7172,7211,25111,25161
2018-08-31 15:03:37.733335, 109,86,28,16,250120,352,31492,31531,29266,29315
2018-08-31 15:03:37.763036, 112,87,44,15,248720,352,39940,39979,30217,30267
2018-08-31 15:03:37.864805, 107,88,28,16,272994,384,15108,15147,33514,33564
2018-08-31 15:03:40.547840, 102,89,13,17,612063,385,65284,65323,55911,55961
2018-08-31 15:03:40.599929, 103,90,29,17,10756,383,39684,39723,57618,57667
2018-08-31 15:03:40.734638, 109,91,29,17,25669,384,64260,64299,62028,62078
2018-08-31 15:03:40.863961, 107,92,29,17,32966,384,47876,47915,741,790
2018-08-31 15:03:40.889105, 112,93,45,16,10872,400,11268,11307,1539,1589
2018-08-31 15:03:43.556975, 102,94,14,18,729076,385,32773,32812,23395,23445
2018-08-31 15:03:43.860325, 109,95,30,18,153563,400,35588,35627,33350,33400
2018-08-31 15:03:44.735929, 103,96,30,18,193620,529,44036,44075,61962,62011
2018-08-31 15:03:44.866752, 107,97,30,18,229094,512,47876,47915,733,784
2018-08-31 15:03:46.017447, 112,98,46,17,234386,656,48132,48171,38394,38444
2018-08-31 15:03:46.568133, 102,99,15,19,714428,385,260,299,56413,56462
2018-08-31 15:03:47.625303, 108,100,31,10,1127347,1664,39684,39723,25523,25573
2018-08-31 15:03:47.727267, 103,101,31,19,152193,383,11014,11053,28934,28984
2018-08-31 15:03:47.863469, 109,102,31,19,221273,512,35588,35627,33343,33393
2018-08-31 15:03:47.994330, 107,103,31,19,170338,400,19204,19243,37591,37642
2018-08-31 15:03:48.018212, 112,104,47,18,101493,256,48132,48171,38390,38440
2018-08-31 15:03:49.575731, 102,105,0,20,746548,385,33284,33323,23895,23945
2018-08-31 15:03:49.613072, 103,106,16,20,164889,241,7172,7211,25088,25138
2018-08-31 15:03:49.988470, 109,107,16,20,195580,272,39684,39723,37435,37485
2018-08-31 15:03:50.018791, 112,108,32,19,180046,256,48132,48171,38386,38436
2018-08-31 15:03:50.501884, 108,109,16,11,244945,368,2820,2859,54189,54239
2018-08-31 15:03:52.585370, 102,110,1,21,613174,385,772,811,56914,56964
2018-08-31 15:03:52.607348, 103,111,17,21,10977,383,39684,39723,57594,57644
2018-08-31 15:03:52.865559, 109,112,17,21,31661,368,2820,2859,565,615
2018-08-31 15:03:53.128948, 108,113,17,12,11928,336,23300,23339,9128,9178
2018-08-31 15:03:54.264537, 112,114,33,20,13402,543,56068,56107,46315,46365
2018-08-31 15:03:55.595985, 102,115,2,22,728520,385,33796,33835,24397,24446
2018-08-31 15:03:55.747571, 107,116,18,20,699795,992,11012,11051,29384,29434
2018-08-31 15:03:55.859066, 103,117,18,22,145052,416,15108,15147,33012,33062
2018-08-31 15:03:55.993071, 109,118,18,22,160036,400,39684,39723,37424,37473
2018-08-31 15:03:56.754991, 108,119,18,13,158653,464,11012,11051,62370,62419
2018-08-31 15:03:57.390836, 112,120,34,21,142035,400,27396,27435,17637,17687
2018-08-31 15:03:58.604648, 102,121,3,23,734923,385,1284,1323,57415,57465
2018-08-31 15:03:58.735724, 103,122,19,23,138537,368,43787,43826,61686,61736
2018-08-31 15:03:58.869700, 109,123,19,23,169511,368,2820,2859,554,604
2018-08-31 15:03:58.893181, 112,124,35,22,76274,192,11012,11051,1250,1300
2018-08-31 15:04:01.614217, 102,125,4,24,747649,385,34308,34347,24898,24948
2018-08-31 15:04:01.736431, 103,126,20,24,260737,384,11012,11051,28905,28954
2018-08-31 15:04:01.871411, 109,127,20,24,287065,384,35588,35627,33317,33366
2018-08-31 15:04:02.882798, 108,128,20,14,292071,784,15108,15147,918,967
2018-08-31 15:04:03.643799, 112,129,36,23,432101,608,35588,35627,25817,25868
2018-08-31 15:04:04.623860, 102,130,5,25,613348,385,1796,1835,57917,57966
2018-08-31 15:04:04.871338, 103,131,21,25,13455,401,48132,48171,483,532
2018-08-31 15:04:05.002417, 107,132,21,21,493235,1184,51972,52011,4791,4841
2018-08-31 15:04:05.122666, 109,133,21,25,47447,416,11012,11051,8735,8784
2018-08-31 15:04:05.144183, 112,134,37,24,8221,192,19204,19243,9430,9481
2018-08-31 15:04:07.632630, 102,135,6,26,723305,385,34820,34859,25400,25449
2018-08-31 15:04:07.739237, 103,136,22,26,128219,367,11012,11051,28893,28944
2018-08-31 15:04:07.874185, 109,137,22,26,132625,352,35588,35627,33305,33355
2018-08-31 15:04:08.004301, 107,138,22,22,152777,384,19204,19243,37553,37603
2018-08-31 15:04:08.636320, 108,139,22,15,24056,736,6916,6955,58251,58301
2018-08-31 15:04:08.896446, 112,140,38,25,170818,480,11012,11051,1231,1282
2018-08-31 15:04:10.642546, 102,141,7,27,736998,385,2308,2347,58418,58468
2018-08-31 15:04:10.741354, 103,142,23,27,143244,384,43780,43819,61655,61706
2018-08-31 15:04:10.880219, 107,143,23,23,152954,368,47876,47915,684,734
2018-08-31 15:04:11.000556, 109,144,23,27,165072,400,6916,6955,4628,4678
2018-08-31 15:04:11.137113, 108,145,23,16,118492,320,23300,23339,9094,9144
2018-08-31 15:04:11.272132, 112,146,39,26,117020,304,23300,23339,13515,13565
2018-08-31 15:04:13.651472, 102,147,8,28,747873,385,35332,35371,25901,25951
2018-08-31 15:04:13.742460, 103,148,24,28,261897,384,11012,11051,28881,28932
2018-08-31 15:04:13.877432, 109,149,24,28,260254,368,35588,35627,33294,33344
2018-08-31 15:04:13.906755, 112,150,40,27,236635,337,44036,44075,34246,34296
2018-08-31 15:04:14.007502, 107,151,24,24,281797,400,19204,19243,37542,37592
2018-08-31 15:04:16.661285, 102,152,9,29,611696,385,2820,2859,58920,58969
2018-08-31 15:04:16.752222, 103,153,25,29,12604,385,44036,44075,61900,61949
2018-08-31 15:04:16.879370, 109,154,25,29,33752,384,2820,2859,521,571
2018-08-31 15:04:16.907753, 112,155,41,28,10628,384,11268,11307,1472,1522
2018-08-31 15:04:17.008520, 107,156,25,25,32601,384,51972,52011,4768,4818
2018-08-31 15:04:17.140503, 108,157,25,17,511038,768,23300,23339,9083,9132
2018-08-31 15:04:19.670258, 102,158,10,30,730682,385,35844,35883,26402,26452
2018-08-31 15:04:19.755367, 109,159,26,30,142046,368,31492,31531,29187,29237
2018-08-31 15:04:19.870810, 103,160,26,30,161735,399,15108,15147,32966,33015
2018-08-31 15:04:19.909896, 112,161,42,29,138399,384,44036,44075,34235,34285
2018-08-31 15:04:20.134801, 107,162,26,26,151772,400,23300,23339,41626,41676
2018-08-31 15:04:20.266868, 108,163,26,18,144361,400,60164,60203,45941,45990
2018-08-31 15:04:22.679682, 102,164,11,31,738057,385,3332,3371,59421,59471
2018-08-31 15:04:22.747202, 103,165,27,31,140916,368,43780,43819,61632,61682
2018-08-31 15:04:22.882172, 109,166,27,31,167555,400,2820,2859,510,559
2018-08-31 15:04:22.903698, 112,167,43,30,210430,383,11012,11051,1205,1255
2018-08-31 15:04:23.011254, 107,168,27,27,150470,368,51972,52011,4757,4807
2018-08-31 15:04:23.143306, 108,169,27,19,139918,368,23300,23339,9071,9121
2018-08-31 15:04:25.688883, 102,170,12,32,748081,385,36356,36395,26904,26954
2018-08-31 15:04:25.756416, 103,171,28,32,263540,385,11268,11307,29114,29164
2018-08-31 15:04:25.883587, 109,172,28,32,271478,384,35588,35627,33272,33322
2018-08-31 15:04:26.012673, 107,173,28,28,270909,384,19204,19243,37519,37569
2018-08-31 15:04:26.269918, 108,174,28,20,266465,400,60164,60203,45929,45979
2018-08-31 15:04:27.038537, 112,175,44,31,370540,529,15364,15403,5550,5600
2018-08-31 15:04:28.698372, 102,176,13,33,614124,385,3844,3883,59923,59972
2018-08-31 15:04:28.750276, 103,177,29,33,12243,383,43780,43819,61620,61670
2018-08-31 15:04:28.885216, 109,178,29,33,27886,384,2820,2859,498,548
2018-08-31 15:04:29.014331, 107,179,29,29,26995,384,51972,52011,4746,4795
2018-08-31 15:04:29.271816, 108,180,29,21,16137,384,27396,27435,13156,13205
2018-08-31 15:04:29.538938, 112,181,45,32,8901,320,31748,31787,21929,21979
2018-08-31 15:04:31.707336, 102,182,14,34,731142,385,36868,36907,27405,27455
2018-08-31 15:04:31.759233, 103,183,30,34,135132,385,11268,11307,29103,29152
2018-08-31 15:04:31.886341, 109,184,30,34,145953,384,35588,35627,33261,33311
2018-08-31 15:04:31.915675, 112,185,46,33,108470,304,44036,44075,34213,34263
2018-08-31 15:04:32.016393, 107,186,30,30,145423,384,19204,19243,37508,37558
2018-08-31 15:04:32.773359, 108,187,30,22,153249,448,11012,11051,62301,62351
2018-08-31 15:04:34.716914, 102,188,15,35,737743,385,4356,4395,60424,60474
2018-08-31 15:04:34.753098, 103,189,31,35,143034,383,43780,43819,61609,61658
2018-08-31 15:04:34.893012, 107,190,31,31,154191,368,47876,47915,639,688
2018-08-31 15:04:35.013357, 109,191,31,35,165694,400,6916,6955,4583,4633
2018-08-31 15:04:35.149277, 108,192,31,23,115063,304,23300,23339,9048,9098
2018-08-31 15:04:35.284243, 112,193,47,34,166133,431,23300,23339,13470,13520
2018-08-31 15:04:37.726370, 102,194,0,36,748287,385,37380,37419,27907,27956
2018-08-31 15:04:37.762567, 103,195,16,36,261806,385,11268,11307,29091,29141
2018-08-31 15:04:37.894261, 107,196,16,32,271472,384,15108,15147,33401,33451
2018-08-31 15:04:38.014597, 109,197,16,36,273492,384,39684,39723,37345,37395
2018-08-31 15:04:38.036143, 112,198,32,35,246844,352,47876,47915,38041,38091
2018-08-31 15:04:38.276183, 108,199,16,24,266480,400,60164,60203,45906,45956
2018-08-31 15:04:40.736191, 102,200,1,37,613925,385,4868,4907,60926,60975
2018-08-31 15:04:40.766439, 109,201,17,37,22947,352,64262,64301,61918,61969
2018-08-31 15:04:40.880918, 103,202,17,37,12556,399,47876,47915,157,207
2018-08-31 15:04:40.912215, 112,203,33,36,9778,368,11012,11051,1172,1222
2018-08-31 15:04:41.020790, 107,204,17,33,28428,400,51972,52011,4723,4773
2018-08-31 15:04:41.152800, 108,205,17,25,13203,368,23300,23339,9037,9087
2018-08-31 15:04:43.744927, 102,206,2,38,731458,385,37892,37931,28408,28458
2018-08-31 15:04:43.779117, 108,207,18,26,115122,336,43780,43819,29512,29562
2018-08-31 15:04:43.890638, 103,208,18,38,132804,385,15364,15403,33175,33225
2018-08-31 15:04:44.017837, 109,209,18,38,158446,416,39684,39723,37334,37385
2018-08-31 15:04:44.146888, 107,210,18,34,151597,400,23300,23339,41581,41631
2018-08-31 15:04:44.288701, 112,211,34,37,153263,432,56068,56107,46222,46272
2018-08-31 15:04:46.754370, 102,212,3,39,738136,385,5380,5419,61427,61477
2018-08-31 15:04:46.894523, 109,213,19,39,150443,368,2820,2859,465,515
2018-08-31 15:04:47.009098, 103,214,19,39,151512,399,51972,52011,4241,4291
2018-08-31 15:04:47.040397, 112,215,35,38,135476,352,15108,15147,5257,5306
2018-08-31 15:04:47.148967, 107,216,19,35,154766,384,56068,56107,8807,8857
2018-08-31 15:04:47.281015, 108,217,19,27,166642,448,27396,27435,13121,13171
2018-08-31 15:04:49.763589, 102,218,4,40,748567,385,38404,38443,28910,28959
2018-08-31 15:04:49.894081, 103,219,20,40,249984,369,15364,15403,33163,33213
2018-08-31 15:04:50.020325, 109,220,20,40,284009,400,39684,39723,37323,37373
2018-08-31 15:04:50.150374, 107,221,20,36,276040,384,23300,23339,41570,41619
2018-08-31 15:04:50.282401, 108,222,20,28,256674,384,60164,60203,45884,45933
2018-08-31 15:04:50.542323, 112,223,36,39,315030,448,64260,64299,54402,54452
2018-08-31 15:04:52.773329, 102,224,5,41,613910,385,5892,5931,61928,61978
2018-08-31 15:04:52.896693, 109,225,21,41,26094,368,2820,2859,453,503
2018-08-31 15:04:53.013087, 103,226,21,41,14440,399,51978,52017,4236,4285
2018-08-31 15:04:53.043283, 112,227,37,40,8494,320,15108,15147,5245,5295
2018-08-31 15:04:53.151830, 107,228,21,37,25476,384,56068,56107,8796,8846
2018-08-31 15:04:53.291769, 108,229,21,29,14351,385,27652,27691,13366,13416
2018-08-31 15:04:55.782303, 102,230,6,42,730602,385,38916,38955,29411,29461
2018-08-31 15:04:55.889313, 103,231,22,42,126287,368,15108,15147,32896,32945
2018-08-31 15:04:56.023337, 109,232,22,42,151504,400,39684,39723,37312,37362
2018-08-31 15:04:56.153422, 107,233,22,38,145220,384,23300,23339,41558,41608
2018-08-31 15:04:56.535613, 108,234,22,30,142126,415,2820,2859,54064,54113
2018-08-31 15:04:56.678425, 112,235,38,41,165665,465,3076,3115,58743,58793
2018-08-31 15:04:58.792216, 102,236,7,43,738893,385,6404,6443,62430,62481
2018-08-31 15:04:58.897893, 103,237,23,43,145919,385,48132,48171,378,428
2018-08-31 15:04:59.155137, 107,238,23,39,157441,384,56068,56107,8785,8834
2018-08-31 15:04:59.275400, 109,239,23,43,171752,416,15108,15147,12730,12780
2018-08-31 15:04:59.304744, 112,240,39,42,129997,336,23556,23595,13682,13732
2018-08-31 15:05:01.801550, 102,241,8,44,748819,385,39428,39467,29913,29963
2018-08-31 15:05:01.891500, 103,242,24,44,261413,383,15108,15147,32884,32934
2018-08-31 15:05:02.026523, 109,243,24,44,248834,352,39684,39723,37301,37350
2018-08-31 15:05:02.055858, 112,244,40,43,247060,352,48132,48171,38253,38303
2018-08-31 15:05:02.156569, 107,245,24,40,279056,384,23300,23339,41547,41597
2018-08-31 15:05:04.810139, 102,246,9,45,612025,385,6916,6955,62931,62982
2018-08-31 15:05:04.914792, 108,247,25,31,398092,1072,15108,15147,800,849
2018-08-31 15:05:05.033143, 107,248,25,41,31299,368,51972,52011,4678,4727
2018-08-31 15:05:05.151496, 103,249,25,45,15677,417,56324,56363,8558,8608
2018-08-31 15:05:05.278613, 109,250,25,45,29301,416,15108,15147,12719,12768
2018-08-31 15:05:05.299157, 112,251,41,44,10272,415,23300,23339,13415,13465
2018-08-31 15:05:07.820303, 102,252,10,46,729813,385,39940,39979,30414,30465
2018-08-31 15:05:07.894600, 103,253,26,46,121810,351,15108,15147,32873,32922
2018-08-31 15:05:08.029620, 109,254,26,46,132169,352,39684,39723,37289,37339
2018-08-31 15:05:08.290869, 108,255,26,32,148186,432,60164,60203,45849,45899
2018-08-31 15:05:09.559636, 112,256,42,45,193908,545,31748,31787,21855,21905
2018-08-31 15:05:10.828852, 102,257,11,47,737251,385,7428,7467,63433,63483
2018-08-31 15:05:10.896373, 103,258,27,47,143454,384,47876,47915,99,148
2018-08-31 15:05:11.156533, 109,259,27,47,173332,400,11012,11051,8612,8661
2018-08-31 15:05:11.177998, 112,260,43,46,80018,207,19208,19248,9312,9362
2018-08-31 15:05:12.168168, 108,261,27,33,185456,496,56068,56107,41746,41796
2018-08-31 15:05:13.838976, 102,262,12,48,749148,385,40452,40491,30916,30965
2018-08-31 15:05:13.912333, 107,263,28,42,426675,1136,15108,15147,33333,33383
2018-08-31 15:05:14.023213, 103,264,28,48,273002,400,19204,19243,36957,37006
2018-08-31 15:05:14.158172, 109,265,28,48,278512,384,43780,43819,41374,41424
2018-08-31 15:05:14.186584, 112,266,44,47,270217,385,52228,52267,42326,42376
2018-08-31 15:05:14.294149, 108,267,28,34,181563,272,60164,60203,45838,45888
2018-08-31 15:05:16.847612, 102,268,13,49,610786,385,7940,7979,63934,63984
2018-08-31 15:05:16.907332, 103,269,29,49,12058,369,48132,48171,343,393
2018-08-31 15:05:17.034474, 109,270,29,49,23474,368,6916,6955,4505,4555
2018-08-31 15:05:17.055919, 112,271,45,48,9595,367,15108,15147,5201,5251
2018-08-31 15:05:17.163541, 107,272,29,43,26635,416,56068,56107,8751,8800
2018-08-31 15:05:17.295585, 108,273,29,35,13850,384,27396,27435,13064,13114
2018-08-31 15:05:19.857106, 102,274,14,50,730959,385,40964,41003,31417,31467
2018-08-31 15:05:19.910942, 109,275,30,50,141420,368,35588,35627,33171,33221
2018-08-31 15:05:20.026340, 103,276,30,50,142850,399,19210,19249,36951,37001
2018-08-31 15:05:20.056628, 112,277,46,49,157458,384,47876,47915,37963,38013
2018-08-31 15:05:20.165206, 107,278,30,44,145385,384,23300,23339,41513,41563
2018-08-31 15:05:20.305077, 108,279,30,36,132491,385,60420,60459,46083,46132
2018-08-31 15:05:22.866911, 102,280,15,51,738611,385,8452,8491,64436,64486
2018-08-31 15:05:22.909946, 103,281,31,51,137859,369,48132,48171,332,381
2018-08-31 15:05:23.041993, 107,282,31,45,148925,368,51972,52011,4644,4693
2018-08-31 15:05:23.162304, 109,283,31,51,170117,416,11012,11051,8589,8639
2018-08-31 15:05:23.423449, 108,284,31,37,148052,399,31492,31531,17149,17198
2018-08-31 15:05:23.683633, 112,285,47,50,178982,464,35588,35627,25669,25718
2018-08-31 15:05:25.876100, 102,286,0,52,749560,385,41476,41515,31919,31968
2018-08-31 15:05:25.912288, 103,287,16,52,262598,384,15364,15403,33094,33143
2018-08-31 15:05:26.043361, 107,288,16,46,272526,384,19204,19243,37406,37456
2018-08-31 15:05:26.171490, 109,289,16,52,273915,385,44036,44075,41608,41657
2018-08-31 15:05:27.560593, 112,290,32,51,348074,496,31492,31531,21565,21615
2018-08-31 15:05:28.885457, 102,291,1,53,611742,385,8964,9003,64937,64987
2018-08-31 15:05:28.915774, 109,292,17,53,24402,351,2820,2859,387,436
2018-08-31 15:05:29.030214, 103,293,17,53,12686,399,51972,52011,4160,4210
2018-08-31 15:05:29.061514, 112,294,33,52,6217,192,15108,15147,5179,5228
2018-08-31 15:05:29.170122, 107,295,17,47,34817,400,56068,56107,8728,8778
2018-08-31 15:05:31.894308, 102,296,2,54,729231,385,41988,42027,32420,32470
2018-08-31 15:05:32.052752, 108,297,18,38,733763,1104,51972,52011,37612,37662
2018-08-31 15:05:32.165233, 103,298,18,54,139659,401,23556,23595,41274,41323
2018-08-31 15:05:32.296424, 107,299,18,48,158842,400,27396,27435,45586,45636
2018-08-31 15:05:32.416846, 109,300,18,54,170936,448,51972,52011,49532,49582
2018-08-31 15:05:32.563666, 112,301,34,53,160825,448,64260,64299,54324,54374
2018-08-31 15:05:34.903813, 102,302,3,55,735597,385,9476,9515,65439,65488
2018-08-31 15:05:35.033908, 103,303,19,55,138582,367,51972,52011,4148,4198
2018-08-31 15:05:35.168185, 109,304,19,55,142869,352,11012,11051,8567,8617
2018-08-31 15:05:35.298515, 107,305,19,49,155158,384,60164,60203,12813,12862
2018-08-31 15:05:35.430251, 108,306,19,39,161078,432,31492,31531,17126,17175
2018-08-31 15:05:37.913631, 102,307,4,56,749841,385,42500,42539,32922,32971
2018-08-31 15:05:38.042742, 103,308,20,56,262119,385,19460,19499,37166,37216
2018-08-31 15:05:38.170066, 109,309,20,56,299698,384,43780,43819,41329,41379
2018-08-31 15:05:38.300160, 107,310,20,50,271296,384,27396,27435,45575,45625
2018-08-31 15:05:38.431221, 108,311,20,40,255707,384,64260,64299,49888,49938
2018-08-31 15:05:40.923164, 102,312,5,57,612040,385,9988,10027,404,454
2018-08-31 15:05:41.036637, 103,313,21,57,24949,383,51972,52011,4137,4186
2018-08-31 15:05:41.171096, 109,314,21,57,55604,384,11012,11051,8556,8606
2018-08-31 15:05:41.200477, 112,315,37,54,426936,1105,19460,19499,9508,9558
2018-08-31 15:05:41.301488, 107,316,21,51,25506,384,60164,60203,12801,12851
2018-08-31 15:05:41.433199, 108,317,21,41,13651,384,31492,31531,17114,17165
2018-08-31 15:05:43.932047, 102,318,6,58,731153,385,43012,43051,33423,33473
2018-08-31 15:05:44.037996, 103,319,22,58,133037,384,19204,19243,36899,36948
2018-08-31 15:05:44.173335, 109,320,22,58,145433,384,43780,43819,41318,41368
2018-08-31 15:05:44.201698, 112,321,38,55,138028,384,52228,52267,42271,42320
2018-08-31 15:05:44.302420, 107,322,22,52,145160,384,27396,27435,45564,45613
2018-08-31 15:05:46.941443, 102,323,7,59,737190,385,10500,10539,906,955
2018-08-31 15:05:47.039262, 103,324,23,59,144959,384,51974,52013,4127,4176
2018-08-31 15:05:47.174366, 109,325,23,59,164210,384,11012,11051,8545,8594
2018-08-31 15:05:47.304458, 107,326,23,53,163957,384,60164,60203,12790,12840
2018-08-31 15:05:47.322060, 112,327,39,56,154289,399,23300,23339,13337,13386
2018-08-31 15:05:47.435520, 108,328,23,42,262707,768,31492,31531,17103,17153
2018-08-31 15:05:49.951165, 102,329,8,60,750134,385,43524,43563,33924,33974
2018-08-31 15:05:50.049153, 103,330,24,60,262229,385,19460,19499,37143,37193
2018-08-31 15:05:50.176309, 109,331,24,60,273442,384,43780,43819,41307,41357
2018-08-31 15:05:50.305380, 107,332,24,54,271682,384,27396,27435,45552,45602
2018-08-31 15:05:50.437476, 108,333,24,43,255645,384,64260,64299,49865,49915
2018-08-31 15:05:50.580643, 112,334,40,57,293478,417,64516,64555,54547,54596
2018-08-31 15:05:52.960089, 102,335,9,61,612336,385,11012,11051,1407,1457
2018-08-31 15:05:53.060119, 109,336,25,61,26951,369,7172,7211,4694,4743
2018-08-31 15:05:53.175671, 103,337,25,61,15115,400,56324,56363,8465,8515
2018-08-31 15:05:53.199129, 112,338,41,58,10083,335,19204,19243,9230,9280
2018-08-31 15:05:53.307717, 107,339,25,55,25859,384,60164,60203,12779,12828
2018-08-31 15:05:53.564008, 108,340,25,44,15170,400,35590,35629,21189,21239
2018-08-31 15:05:55.969499, 102,341,10,62,730890,385,44036,44075,34426,34476
2018-08-31 15:05:56.043834, 103,342,26,62,127426,367,19204,19243,36875,36925
2018-08-31 15:05:56.178774, 109,343,26,62,153527,399,43780,43819,41296,41346
2018-08-31 15:05:56.683702, 107,344,26,56,164020,432,39684,39723,57828,57878
2018-08-31 15:05:56.815400, 108,345,26,45,142624,416,11012,11051,62141,62191
2018-08-31 15:05:56.950472, 112,346,42,59,171776,480,11012,11051,1031,1081
2018-08-31 15:05:58.978591, 102,347,11,63,739188,385,11524,11563,1909,1958
2018-08-31 15:05:59.053944, 103,348,27,63,150193,385,52228,52267,4358,4407
2018-08-31 15:05:59.310472, 107,349,27,57,136075,336,60164,60203,12767,12817
2018-08-31 15:06:00.317575, 108,350,27,46,166405,448,60164,60203,45751,45800
2018-08-31 15:06:01.988428, 102,351,12,64,750314,385,44548,44587,34927,34977
2018-08-31 15:06:02.047085, 103,352,28,64,271064,383,19204,19243,36864,36914
2018-08-31 15:06:03.186795, 107,353,28,58,351974,496,56068,56107,8664,8714
2018-08-31 15:06:03.318843, 108,354,28,47,257149,384,27396,27435,12977,13026
2018-08-31 15:06:04.997409, 102,355,13,65,612303,385,12036,12075,2410,2460
2018-08-31 15:06:05.059026, 109,356,29,63,457307,1136,6916,6955,4415,4465
2018-08-31 15:06:05.181840, 103,357,29,65,23422,401,56324,56363,8442,8491
2018-08-31 15:06:05.205281, 112,358,45,60,408638,1056,19204,19243,9208,9257
2018-08-31 15:06:05.312907, 107,359,29,59,19853,272,60164,60203,12756,12806
2018-08-31 15:06:05.444957, 108,360,29,48,10002,272,31492,31531,17069,17118
2018-08-31 15:06:08.006740, 102,361,14,66,731044,385,45060,45099,35429,35478
2018-08-31 15:06:08.057606, 103,362,30,66,128412,368,19460,19499,37108,37158
2018-08-31 15:06:08.185704, 109,363,30,64,152017,400,43780,43819,41273,41323
2018-08-31 15:06:08.314860, 107,364,30,60,145238,384,27396,27435,45518,45569
2018-08-31 15:06:08.332454, 112,365,46,61,144127,400,56068,56107,46066,46115
2018-08-31 15:06:08.446895, 108,366,30,49,131662,384,64260,64299,49831,49881
2018-08-31 15:06:11.016599, 102,367,15,67,738897,385,12548,12587,2912,2961
2018-08-31 15:06:11.059633, 103,368,31,67,144488,384,52228,52267,4334,4384
2018-08-31 15:06:11.191680, 107,369,31,61,148829,368,56068,56107,8649,8698
2018-08-31 15:06:11.311988, 109,370,31,65,164841,400,15113,15152,12600,12650
2018-08-31 15:06:11.573117, 108,371,31,50,148877,400,35588,35627,21153,21203
2018-08-31 15:06:11.958520, 112,372,47,62,180226,464,43780,43819,33771,33821
2018-08-31 15:06:14.025173, 102,373,0,68,750533,385,45572,45611,35930,35980
2018-08-31 15:06:14.053586, 103,374,16,68,261971,383,19204,19243,36841,36890
2018-08-31 15:06:14.192469, 107,375,16,62,272566,384,23300,23339,41411,41461
2018-08-31 15:06:14.324476, 108,376,16,51,234510,352,60164,60203,45724,45774
2018-08-31 15:06:14.437947, 109,377,16,66,285653,400,51972,52011,49454,49504
2018-08-31 15:06:14.584653, 112,378,32,63,237045,336,64260,64299,54246,54296
2018-08-31 15:06:17.034765, 102,379,1,69,614115,385,13060,13099,3413,3463
2018-08-31 15:06:17.065142, 109,380,17,67,22243,336,6916,6955,4393,4443
2018-08-31 15:06:17.188071, 103,381,17,69,14371,401,56324,56363,8419,8468
2018-08-31 15:06:17.211595, 112,382,33,64,10691,336,19204,19243,9185,9235
2018-08-31 15:06:17.319119, 107,383,17,63,26316,400,60164,60203,12733,12783
2018-08-31 15:06:17.701562, 108,384,17,52,16130,432,39684,39723,25237,25287
2018-08-31 15:06:20.043975, 102,385,2,70,730297,385,46084,46123,36432,36481
2018-08-31 15:06:20.077227, 108,386,18,53,104335,304,51972,52011,37521,37571
2018-08-31 15:06:20.191669, 109,387,18,68,152484,400,43780,43819,41251,41301
2018-08-31 15:06:20.313939, 103,388,18,70,140883,400,27652,27691,45276,45327
2018-08-31 15:06:20.337406, 112,389,34,65,143262,400,56068,56107,46044,46094
2018-08-31 15:06:20.445976, 107,390,18,64,155054,400,31492,31531,49591,49641
2018-08-31 15:06:23.053987, 102,391,3,71,739579,385,13572,13611,3914,3964
2018-08-31 15:06:23.190888, 103,392,19,71,137318,368,56324,56363,8407,8457
2018-08-31 15:06:23.318039, 109,393,19,69,164681,400,15108,15147,12573,12623
2018-08-31 15:06:23.447150, 107,394,19,65,156624,384,64260,64299,16818,16867
2018-08-31 15:06:23.464752, 112,395,35,66,163152,400,27396,27435,17366,17416
2018-08-31 15:06:23.579645, 108,396,19,54,167181,448,35588,35627,21130,21180
2018-08-31 15:06:26.062722, 102,397,4,72,750586,385,46596,46635,36933,36983
2018-08-31 15:06:26.194747, 109,398,20,70,260763,368,43780,43819,41240,41290
2018-08-31 15:06:26.317028, 103,399,20,72,274797,400,27652,27691,45265,45315
2018-08-31 15:06:26.340505, 112,400,36,67,259585,368,56068,56107,46032,46083
2018-08-31 15:06:26.573744, 107,401,20,66,282728,400,35588,35627,53676,53725
2018-08-31 15:06:26.705717, 108,402,20,55,266470,400,6916,6955,57988,58038
2018-08-31 15:06:29.071693, 102,403,5,73,613428,385,14084,14123,4416,4465
2018-08-31 15:06:29.186350, 103,404,21,73,12078,367,56068,56107,8139,8189
2018-08-31 15:06:29.321307, 109,405,21,71,27706,400,15108,15147,12562,12612
2018-08-31 15:06:29.450981, 107,406,21,67,24308,368,64260,64299,16806,16856
2018-08-31 15:06:31.350718, 112,407,37,68,19365,641,23556,23595,13511,13561
2018-08-31 15:06:32.081921, 102,408,6,74,729426,385,47108,47147,37435,37484
2018-08-31 15:06:32.195393, 103,409,22,74,134198,385,23556,23595,41157,41207
2018-08-31 15:06:32.322554, 109,410,22,72,147790,384,47876,47915,45324,45374
2018-08-31 15:06:32.351880, 112,411,38,69,46798,128,56324,56363,46277,46327
2018-08-31 15:06:32.451647, 107,412,22,68,151931,384,31492,31531,49569,49618
2018-08-31 15:06:35.090558, 102,413,7,75,737014,385,14596,14635,4917,4967
2018-08-31 15:06:35.953892, 107,414,23,69,194668,448,15108,15147,33178,33228
2018-08-31 15:06:36.324526, 109,415,23,73,214485,512,47876,47915,45317,45367
2018-08-31 15:06:36.346064, 112,416,39,70,202413,511,56070,56115,46021,46071
2018-08-31 15:06:36.440002, 103,417,23,75,215541,543,31492,31531,49085,49135
2018-08-31 15:06:38.100637, 102,418,8,76,749537,385,47620,47659,37936,37986
2018-08-31 15:06:38.950845, 109,419,24,74,243686,336,2820,2859,256,306
2018-08-31 15:06:39.323904, 103,420,24,76,261790,369,60420,60459,12472,12521
2018-08-31 15:06:39.455949, 107,421,24,70,326753,448,64260,64299,16787,16837
2018-08-31 15:06:39.597742, 112,422,40,71,296604,416,31492,31531,21432,21481
2018-08-31 15:06:41.109783, 102,423,9,77,586482,385,15108,15147,5419,5468
2018-08-31 15:06:41.713278, 108,424,25,56,61763,1920,39684,39723,25192,25242
2018-08-31 15:06:42.075170, 103,425,25,77,20407,352,19460,19499,37042,37092
2018-08-31 15:06:42.581815, 107,426,25,71,34227,400,35588,35627,53645,53695
2018-08-31 15:06:42.703116, 109,427,25,75,43360,480,60164,60203,57593,57643
2018-08-31 15:06:42.848826, 112,428,41,72,14893,416,6916,6955,62386,62435
2018-08-31 15:06:44.118407, 102,429,10,78,702656,385,48132,48171,38437,38487
2018-08-31 15:06:44.701381, 103,430,26,78,126655,336,39940,39979,57517,57567
2018-08-31 15:06:44.958649, 107,431,26,72,118967,304,47876,47915,393,443
2018-08-31 15:06:45.089704, 108,432,26,57,147750,432,19204,19243,4706,4755
2018-08-31 15:06:45.204101, 109,433,26,76,126978,320,11012,11051,8436,8486
2018-08-31 15:06:45.225622, 112,434,42,73,111855,304,19204,19243,9133,9183
2018-08-31 15:06:47.127764, 102,435,11,79,721518,385,15620,15659,5920,5970
2018-08-31 15:06:47.205051, 109,436,27,77,104842,256,11012,11051,8433,8482
2018-08-31 15:06:47.328277, 103,437,27,79,131830,336,60420,60459,12456,12506
2018-08-31 15:06:47.351749, 112,438,43,74,106134,272,23300,23339,13225,13275
2018-08-31 15:06:47.459348, 107,439,27,73,130994,320,64260,64299,16772,16822
2018-08-31 15:06:47.841269, 108,440,27,58,131106,352,43780,43819,29276,29326
2018-08-31 15:06:50.137190, 102,441,12,80,750541,385,48644,48683,38939,38988
2018-08-31 15:06:50.204694, 103,442,28,80,250795,368,23556,23595,41123,41172
2018-08-31 15:06:50.331845, 109,443,28,78,285583,400,47876,47915,45291,45341
2018-08-31 15:06:50.352380, 112,444,44,75,270906,384,56068,56107,45988,46038
2018-08-31 15:06:50.460913, 107,445,28,74,274812,384,31492,31531,49535,49584
2018-08-31 15:06:50.592998, 108,446,28,59,241707,352,2820,2859,53847,53897
2018-08-31 15:06:53.147125, 102,447,13,81,612398,385,16132,16171,6422,6471
2018-08-31 15:06:53.337897, 107,448,29,75,24486,368,60164,60203,12665,12715
2018-08-31 15:06:53.458166, 109,449,29,79,31659,400,19204,19243,16613,16663
2018-08-31 15:06:53.581438, 103,450,29,81,17195,432,3076,3115,20636,20686
2018-08-31 15:06:53.604916, 112,451,45,76,13056,416,31492,31531,21406,21455
2018-08-31 15:06:56.156513, 102,452,14,82,729390,385,49156,49195,39440,39490
2018-08-31 15:06:56.207420, 103,453,30,82,116400,336,23556,23595,41111,41161
2018-08-31 15:06:56.334338, 109,454,30,80,138959,368,47876,47915,45280,45329
2018-08-31 15:06:56.464394, 107,455,30,76,158445,400,31492,31531,49523,49573
2018-08-31 15:06:56.481999, 112,456,46,77,132179,368,60164,60203,50073,50122
2018-08-31 15:06:59.165209, 102,457,15,83,737052,385,16644,16683,6923,6973
2018-08-31 15:06:59.340296, 107,458,31,77,157426,368,60164,60203,12654,12703
2018-08-31 15:06:59.959279, 103,459,31,83,188275,480,15364,15403,32912,32961
2018-08-31 15:07:00.086394, 109,460,31,81,201030,480,39684,39723,37081,37131
2018-08-31 15:07:00.982949, 112,461,47,78,225578,576,11012,11051,912,962
2018-08-31 15:07:02.174699, 102,462,0,84,749359,385,49668,49707,39942,39991
2018-08-31 15:07:02.202082, 103,463,16,84,201138,287,23300,23339,40843,40893
2018-08-31 15:07:02.598531, 108,464,16,60,71790,1536,2820,2859,53824,53874
2018-08-31 15:07:02.712912, 109,465,16,82,246488,336,60164,60203,57556,57606
2018-08-31 15:07:02.843228, 107,466,16,78,327538,448,43780,43819,61799,61849
2018-08-31 15:07:02.984626, 112,467,32,79,180652,256,11012,11051,908,958
2018-08-31 15:07:05.184356, 102,468,1,85,602834,385,17156,17195,7424,7474
2018-08-31 15:07:05.213690, 109,469,17,83,22896,320,11012,11051,8399,8449
2018-08-31 15:07:05.336930, 103,470,17,85,18207,401,60420,60459,12421,12471
2018-08-31 15:07:05.360369, 112,471,33,80,9617,304,23300,23339,13192,13242
2018-08-31 15:07:05.468724, 107,472,17,79,21581,336,64260,64299,16738,16788
2018-08-31 15:07:05.725013, 108,473,17,61,13179,400,39684,39723,25146,25196
2018-08-31 15:07:08.193607, 102,474,2,86,730549,385,50180,50219,40443,40493
2018-08-31 15:07:08.340324, 109,475,18,84,152574,400,47876,47915,45257,45307
2018-08-31 15:07:08.455737, 103,476,18,86,139906,399,31492,31531,49023,49073
2018-08-31 15:07:08.595612, 107,477,18,80,153232,400,35588,35627,53596,53646
2018-08-31 15:07:09.987360, 112,478,34,81,212106,592,43780,43819,33663,33713
2018-08-31 15:07:11.202596, 102,479,3,87,737232,385,17668,17707,7926,7975
2018-08-31 15:07:11.339519, 103,480,19,87,137917,369,60420,60459,12410,12459
2018-08-31 15:07:11.475487, 109,481,19,85,187681,401,19460,19499,16835,16885
2018-08-31 15:07:11.596810, 107,482,19,81,163007,384,2820,2859,20823,20872
2018-08-31 15:07:13.372497, 112,483,35,82,168727,433,23556,23595,13433,13483
2018-08-31 15:07:14.212691, 102,484,4,88,750118,385,50692,50731,40945,40994
2018-08-31 15:07:14.583393, 103,485,20,88,285978,415,35588,35627,53107,53157
2018-08-31 15:07:15.598375, 107,486,20,82,377956,512,2820,2859,20815,20865
2018-08-31 15:07:15.719665, 109,487,20,86,402201,543,27396,27435,24763,24813
2018-08-31 15:07:15.748019, 112,488,36,83,216600,304,35844,35883,25717,25766
2018-08-31 15:07:17.222050, 102,489,5,89,585903,385,18180,18219,8427,8477
2018-08-31 15:07:17.356093, 108,490,21,62,509773,1488,27396,27435,12836,12886
2018-08-31 15:07:17.459773, 103,491,21,89,20660,368,64260,64299,16238,16287
2018-08-31 15:07:17.600213, 107,492,21,83,18114,256,2820,2859,20811,20861
2018-08-31 15:07:17.845666, 109,493,21,87,20861,272,31492,31531,28856,28905
2018-08-31 15:07:17.867182, 112,494,37,84,8387,271,39690,39729,29559,29608
2018-08-31 15:07:20.231297, 102,495,6,90,728869,385,51204,51243,41446,41496
2018-08-31 15:07:20.344716, 103,496,22,90,131235,369,27652,27691,45160,45210
2018-08-31 15:07:20.601289, 107,497,22,84,146303,384,35588,35627,53574,53623
2018-08-31 15:07:20.721542, 109,498,22,88,140691,368,60164,60203,57522,57572
2018-08-31 15:07:22.118505, 112,499,38,85,196991,544,47876,47915,37737,37787
2018-08-31 15:07:23.240392, 102,500,7,91,734511,385,18692,18731,8929,8978
2018-08-31 15:07:23.346067, 103,501,23,91,147803,384,60420,60459,12386,12436
2018-08-31 15:07:23.473176, 109,502,23,89,147039,352,19204,19243,16557,16607
2018-08-31 15:07:23.603270, 107,503,23,85,164490,384,2820,2859,20800,20850
2018-08-31 15:07:26.128739, 112,504,39,86,199760,513,48132,48171,37985,38035
2018-08-31 15:07:26.250047, 102,505,8,92,749974,385,51716,51755,41947,41998
2018-08-31 15:07:26.986569, 108,506,24,63,422378,1232,15108,15147,530,580
2018-08-31 15:07:27.098062, 103,507,24,92,339006,480,52228,52267,4187,4237
2018-08-31 15:07:27.225214, 109,508,24,90,346919,480,11012,11051,8358,8408
2018-08-31 15:07:27.354328, 107,509,24,86,354766,480,60164,60203,12601,12650
2018-08-31 15:07:27.497114, 112,510,40,87,128226,175,27396,27435,17247,17297
2018-08-31 15:07:29.258822, 102,511,9,93,596476,385,19204,19243,9430,9481
2018-08-31 15:07:29.348555, 103,512,25,93,11375,288,60420,60459,12375,12424
2018-08-31 15:07:29.476733, 109,513,25,91,21558,288,19204,19243,16546,16596
2018-08-31 15:07:29.605793, 107,514,25,87,18768,288,2820,2859,20789,20838
2018-08-31 15:07:29.623444, 112,515,41,88,9116,272,31492,31531,21339,21389
2018-08-31 15:07:32.268492, 102,516,10,94,730201,385,52228,52267,42449,42499
2018-08-31 15:07:32.352665, 109,517,26,92,167642,368,47876,47915,45213,45262
2018-08-31 15:07:32.475891, 103,518,26,94,140872,400,31748,31787,49233,49282
2018-08-31 15:07:32.499313, 112,519,42,89,133913,368,60164,60203,50006,50055
2018-08-31 15:07:32.607885, 107,520,26,88,152656,384,35588,35627,53551,53601
2018-08-31 15:07:33.489157, 108,521,26,64,29922,832,31492,31531,16902,16951
2018-08-31 15:07:35.277384, 102,522,11,95,738464,385,19716,19755,9932,9981
2018-08-31 15:07:35.343904, 103,523,27,95,137383,367,60164,60203,12107,12157
2018-08-31 15:07:35.479811, 109,524,27,93,169649,400,19204,19243,16535,16584
2018-08-31 15:07:35.608921, 107,525,27,89,162402,384,2820,2859,20777,20827
2018-08-31 15:07:35.626536, 112,526,43,90,155759,400,31492,31531,21328,21377
2018-08-31 15:07:35.990681, 108,527,27,65,118798,320,47876,47915,33281,33330
2018-08-31 15:07:38.287392, 102,528,12,96,749816,385,52740,52779,42950,43000
2018-08-31 15:07:38.353895, 103,529,28,96,264606,385,27652,27691,45125,45175
2018-08-31 15:07:38.481081, 109,530,28,94,280109,384,51972,52011,49297,49347
2018-08-31 15:07:38.610101, 107,531,28,90,273617,384,35588,35627,53539,53589
2018-08-31 15:07:38.742208, 108,532,28,66,234790,352,6916,6955,57852,57901
2018-08-31 15:07:38.877158, 112,533,44,91,301099,416,6916,6955,62282,62331
2018-08-31 15:07:41.295997, 102,534,13,97,612584,385,20228,20267,10433,10483
2018-08-31 15:07:41.357664, 109,535,29,95,27042,368,15108,15147,12428,12478
2018-08-31 15:07:41.472334, 103,536,29,97,14515,399,64266,64305,16198,16247
2018-08-31 15:07:41.503686, 112,537,45,92,10870,336,27396,27435,17221,17271
2018-08-31 15:07:41.612222, 107,538,29,91,25711,384,2820,2859,20766,20816
2018-08-31 15:07:41.743291, 108,539,29,67,13841,384,39684,39723,25078,25127
2018-08-31 15:07:44.306042, 102,540,14,98,731937,385,53252,53291,43452,43501
2018-08-31 15:07:44.356850, 103,541,30,98,127715,369,27652,27691,45114,45163
2018-08-31 15:07:44.484045, 109,542,30,96,151154,400,51972,52011,49286,49336
2018-08-31 15:07:44.613155, 107,543,30,92,144983,384,35588,35627,53528,53578
2018-08-31 15:07:44.630767, 112,544,46,93,143879,400,64260,64299,54079,54129
2018-08-31 15:07:44.745201, 108,545,30,68,131345,384,6916,6955,57840,57890
2018-08-31 15:07:47.314966, 102,546,15,99,738295,385,20740,20779,10934,10984
2018-08-31 15:07:47.483166, 103,547,31,99,152834,400,64516,64555,16436,16485
2018-08-31 15:07:47.740485, 107,548,31,93,163501,400,6916,6955,24850,24900
2018-08-31 15:07:47.861052, 109,549,31,97,179221,432,31492,31531,28800,28849
2018-08-31 15:07:47.996404, 108,550,31,69,155505,416,47876,47915,33258,33308
2018-08-31 15:07:48.133297, 112,551,47,94,174759,448,47876,47915,37689,37738
2018-08-31 15:07:50.324887, 102,552,0,100,749638,385,53764,53803,43953,44003
2018-08-31 15:07:50.351292, 103,553,16,100,252386,367,27396,27435,44846,44896
2018-08-31 15:07:50.491166, 107,554,16,94,248721,352,31492,31531,49421,49471
2018-08-31 15:07:50.612450, 109,555,16,98,251116,352,56068,56107,53370,53420
2018-08-31 15:07:51.248224, 108,556,16,70,277282,416,23300,23339,8676,8725
2018-08-31 15:07:51.758438, 112,557,32,95,327871,464,35588,35627,25394,25443
2018-08-31 15:07:53.334164, 102,558,1,101,611998,385,21252,21291,11436,11485
2018-08-31 15:07:53.363505, 109,559,17,99,25101,352,15108,15147,12405,12455
2018-08-31 15:07:53.485768, 103,560,17,101,15632,401,64516,64555,16424,16474
2018-08-31 15:07:53.510221, 112,561,33,96,7516,224,27396,27435,17199,17248
2018-08-31 15:07:53.617814, 107,562,17,95,31457,400,2820,2859,20743,20793
2018-08-31 15:07:53.749869, 108,563,17,71,13106,320,39684,39723,25055,25105
2018-08-31 15:07:56.342616, 102,564,2,102,731351,385,54276,54315,44454,44504
2018-08-31 15:07:56.375870, 108,565,18,72,115003,336,60164,60203,45530,45580
2018-08-31 15:07:56.487971, 103,566,18,102,134071,384,31748,31787,49186,49236
2018-08-31 15:07:56.615345, 109,567,18,100,157326,416,56068,56107,53359,53409
2018-08-31 15:07:56.744847, 107,568,18,96,151981,400,39684,39723,57601,57651
2018-08-31 15:07:56.886639, 112,569,34,97,155596,432,6923,6962,62255,62304
2018-08-31 15:07:59.352330, 102,570,3,103,738453,385,21764,21803,11937,11987
2018-08-31 15:07:59.491206, 109,571,19,101,150730,368,19204,19243,16490,16540
2018-08-31 15:07:59.512739, 112,572,35,98,131457,336,27397,27436,17188,17238
2018-08-31 15:07:59.614450, 103,573,19,103,151637,400,3076,3115,20508,20558
2018-08-31 15:07:59.746512, 107,574,19,97,154021,384,6916,6955,24827,24877
2018-08-31 15:07:59.877809, 108,575,19,73,167696,448,43780,43819,29139,29190
2018-08-31 15:08:02.362049, 102,576,4,104,749350,385,54788,54827,44956,45005
2018-08-31 15:08:02.483341, 103,577,20,104,249606,367,31492,31531,48918,48968
2018-08-31 15:08:02.618312, 109,578,20,102,284017,400,56068,56107,53348,53398
2018-08-31 15:08:02.747423, 107,579,20,98,270913,384,39684,39723,57590,57639
2018-08-31 15:08:02.765062, 112,580,36,99,293117,416,2820,2859,58141,58191
2018-08-31 15:08:03.004705, 108,581,20,74,267324,400,15108,15147,461,511
2018-08-31 15:08:05.370946, 102,582,5,105,614091,385,22276,22315,12439,12488
2018-08-31 15:08:08.380148, 102,583,6,106,731449,385,55300,55339,45457,45507
2018-08-31 15:08:11.390062, 102,584,7,107,735333,385,22788,22827,12940,12990
2018-08-31 15:08:14.400131, 102,585,8,108,749185,385,55812,55851,45959,46008
2018-08-31 15:08:17.666651, 102,586,9,109,606801,418,31748,31787,21889,21938
2018-08-31 15:08:21.019351, 102,587,10,110,738195,429,10502,10541,637,686
2018-08-31 15:08:24.381173, 102,588,11,111,751403,430,55044,55083,45173,45223
2018-08-31 15:08:27.713116, 102,589,12,112,825558,426,33028,33067,23151,23201
2018-08-31 15:08:31.063610, 102,590,13,113,602179,429,11780,11819,1897,1947
2018-08-31 15:08:34.410201, 102,591,14,114,736658,428,55812,55851,45923,45973
2018-08-31 15:08:37.761808, 102,592,15,115,748933,429,34564,34603,24669,24719
2018-08-31 15:08:41.013013, 102,593,0,116,806036,416,9988,10027,88,137
2018-08-31 15:08:44.623650, 102,594,1,117,648443,462,62724,62763,52817,52867
2018-08-31 15:08:47.633788, 102,595,2,118,694070,385,30212,30251,20300,20350
2018-08-31 15:08:51.440104, 102,596,3,119,809961,464,17924,23840,13882,13931
2018-08-31 15:08:54.270620, 102,597,4,120,747821,385,50948,50987,41024,41074
2018-08-31 15:08:57.882463, 102,598,5,121,647062,462,38150,38189,28219,28269
2018-08-31 15:09:00.899531, 102,599,6,122,717580,386,5892,5931,61493,61542
2018-08-31 15:09:02.512046, 103,600,20,105,9877524,7680,31492,31531,48802,48852
2018-08-31 15:09:02.648769, 109,601,20,103,9574009,7680,56068,56107,53236,53286
2018-08-31 15:09:02.777683, 107,602,20,99,9742131,7680,39684,39723,57476,57526
2018-08-31 15:09:02.794619, 112,603,36,100,5903872,7680,2820,2859,58030,58080
2018-08-31 15:09:03.034545, 108,604,20,75,9144198,7680,15108,15147,347,396
2018-08-31 15:09:04.511022, 102,605,7,123,806480,462,58636,58675,48694,48743
2018-08-31 15:09:07.526989, 102,606,8,124,749607,386,26372,26411,16425,16475
2018-08-31 15:09:11.146643, 102,607,9,125,648972,463,13828,13867,3875,3924
2018-08-31 15:09:14.163506, 102,608,10,126,717331,386,47108,47147,37149,37199
2018-08-31 15:09:17.757734, 102,609,11,127,803509,460,33796,33835,23831,23881
2018-08-31 15:09:20.767488, 102,610,12,128,747412,385,1284,1323,56850,56899
2018-08-31 15:09:24.394293, 102,611,13,129,651313,464,54532,54571,44555,44605
2018-08-31 15:09:27.404883, 102,612,14,130,715620,385,22020,22059,12038,12088
2018-08-31 15:09:31.021907, 102,613,15,131,808499,463,9476,9515,65024,65073
2018-08-31 15:09:34.032588, 102,614,0,132,747237,385,42500,42539,32506,32556
2018-08-31 15:09:37.636906, 102,615,1,133,646811,461,29444,29483,19444,19494
2018-08-31 15:09:40.645674, 102,616,2,134,715521,385,62468,62507,52463,52512
2018-08-31 15:09:44.264836, 102,617,3,135,808199,463,49924,49963,39912,39962
2018-08-31 15:09:47.274413, 102,618,4,136,747011,385,17412,17451,7395,7445
